10,327560,237,104050172,0.00396374
10,327148,890,411031506,0.0248845
12,327126,53,20746363,0.0520552
13,327126,677,248461596,0.0138268
14,327327,62,6241264,0.0756922
14,327147,79,40682818,0.000266554
14,327126,733,264030525,0.00421245
15,327147,252,136985849,0.0103024
16,327148,96,52600000,0.0421604
17,327173,86,23625269,0.00103466
18,327148,576,290294489,0.000499686
19,327173,126,47985588,0.0010602
20,326722,130,43598892,0.0846493
20,326722,327,128966668,0.0447773
20,326722,471,190464314,0.0643515
21,326722,613,244080316,0.00182029
21,326722,680,269256557,0.0605937
21,326722,766,299330139,0.000431375
21,326776,169,61397981,0.0226174
21,326790,221,79547920,0.0455081
22,326776,339,134105553,0.104469
23,326790,202,71579505,0.0438988
23,326790,449,178673676,0.00965735
23,326791,359,137612786,0.00247886
24,326822,212,71101981,0.0180599
24,326822,124,30596483,0.109532
24,326815,398,165673748,0.0204962
24,326815,465,195682477,0.0295712
25,326815,476,200539413,0.0635133
25,326815,863,351042672,0.0956797
25,326815,699,290104647,0.00341576
25,326822,560,226146964,0.0163929
25,326854,115,25729367,0.0521116
25,326822,63,2483987,0.043419
26,326822,313,117009140,0.0013179
26,326822,428,169482629,0.0231754
26,326822,666,267312216,0.0591856
26,326822,830,326008725,0.00113318
26,326822,1169,439206175,0.0193323
27,327495,695,359871440,0.00162127
27,326854,198,68003800,0.0997309
27,326855,207,106839204,0.0422464
27,326855,514,254140311,0.00940567
27,326887,61,27048240,0.0271868
28,326856,238,90575365,0.0296919
28,326856,284,106981502,0.0215161
28,326856,434,157398259,0.0947661
28,326859,121,23701134,0.0822804
28,326856,530,187315920,0.0888886
28,326886,53,22902929,0.100127
29,327174,341,188817686,0.00698667
29,326886,22,8875192,0.0359915
29,326887,102,44621690,0.000298621
30,327173,159,67582394,0.0173487
30,327173,243,115804028,0.0016034
30,327174,22,10801247,0.013379
32,327174,674,359032647,0.00488029
34,327211,92,26748891,0.0354809
34,327211,149,61046404,0.0992488
35,327211,503,257655313,0.0151263
35,327211,263,123697765,0.016692
35,327211,288,139508672,0.0680269
35,327211,332,165459707,0.0241361
36,327219,163,65737948,0.0538419
36,327211,364,182918723,0.0790578
36,327211,397,201193737,0.0352866
36,327211,405,205927778,0.0498251
38,327211,828,423699189,0.0687046
38,327211,929,468147384,0.0942983
39,326887,614,229288914,0.0106604
39,326887,578,218153603,0.0571614
40,326943,12,5726755,0.0769503
40,326942,161,83451269,0.0489873
40,326943,284,125061749,0.078061
41,326943,5,2077226,0.0747274
41,326943,143,68270584,0.0852199
41,326943,215,98153269,0.0359359
41,326943,609,240796137,0.0129683
41,327004,307,134137423,0.0959669
42,326961,129,64502671,0.0566784
42,326961,718,356228611,0.119464
42,326961,738,364373396,0.0623698
42,326961,740,365185724,0.020103
42,326961,735,363103935,0.0881159
42,326961,735,363107874,0.0677768
42,326961,759,372683668,0.0318987
43,327004,32,2723892,0.046491
43,327004,75,22893336,0.0186565
43,327173,186,83070856,0.0415227
44,327078,218,109053320,0.0454303
44,327078,604,279289366,0.0488079
44,327078,731,324456279,0.0766443
44,327078,770,336922723,0.0726796
44,327125,196,102915760,0.0440399
45,327147,100,52571474,0.0585094
46,327219,295,139884310,0.0590787
47,327219,243,110261682,0.0172677
47,327219,365,176158375,0.0399225
48,327219,947,468907332,0.0105334
49,327237,428,223947176,0.0398696
49,327219,1091,526121717,0.0243698
4,326545,117,22441871,0.00129949
4,326855,343,176736583,0.128364
50,327237,1013,509826599,0.0113253
51,327237,232,117140262,0.0467693
51,327237,242,122187808,0.104416
51,327237,302,152853226,0.0285988
53,327237,682,359519694,0.0575587
55,327238,193,81049812,0.0600677
56,327264,213,95937429,0.000220625
5,326545,88,13177772,0.0141712
5,326547,52,19584718,0.0383846
6,326572,33,10040473,0.0425266
6,326574,85,25654610,0.0183539
6,326580,252,67801466,0.0647933
7,326585,314,110554144,0.0423128
7,326585,199,67679124,0.0025319
7,326587,308,94519711,0.0480748
7,326587,314,96625528,0.0213206
7,326587,85,28014317,0.00134857
8,326619,65,20570410,0.00538334
8,326619,69,21789534,0.0807169
