82
208
82
208
2676
205
5
200
8
80
1
5
0
1
9.5
0.24
120
5
6.00502512562814
7.01005025125628
8.01507537688442
9.02010050251256
10.0251256281407
11.0301507537688
12.035175879397
13.0402010050251
14.0452261306533
15.0502512562814
16.0552763819095
17.0603015075377
18.0653266331658
19.070351758794
20.0753768844221
21.0804020100502
22.0854271356784
23.0904522613065
24.0954773869347
25.1005025125628
26.105527638191
27.1105527638191
28.1155778894472
29.1206030150754
30.1256281407035
31.1306532663317
32.1356783919598
33.1407035175879
34.1457286432161
35.1507537688442
36.1557788944724
37.1608040201005
38.1658291457286
39.1708542713568
40.1758793969849
41.1809045226131
42.1859296482412
43.1909547738693
44.1959798994975
45.2010050251256
46.2060301507538
47.2110552763819
48.21608040201
49.2211055276382
50.2261306532663
51.2311557788945
52.2361809045226
53.2412060301507
54.2462311557789
55.251256281407
56.2562814070352
57.2613065326633
58.2663316582914
59.2713567839196
60.2763819095477
61.2814070351759
62.286432160804
63.2914572864322
64.2964824120603
65.3015075376884
66.3065326633166
67.3115577889447
68.3165829145729
69.321608040201
70.3266331658291
71.3316582914573
72.3366834170854
73.3417085427136
74.3467336683417
75.3517587939699
76.356783919598
77.3618090452261
78.3668341708543
79.3718592964824
80.3768844221105
81.3819095477387
82.3869346733668
83.391959798995
84.3969849246231
85.4020100502512
86.4070351758794
87.4120603015075
88.4170854271357
89.4221105527638
90.4271356783919
91.4321608040201
92.4371859296482
93.4422110552764
94.4472361809045
95.4522613065326
96.4572864321608
97.4623115577889
98.4673366834171
99.4723618090452
100.477386934673
101.482412060301
102.48743718593
103.492462311558
104.497487437186
105.502512562814
106.507537688442
107.51256281407
108.517587939698
109.522613065327
110.527638190955
111.532663316583
112.537688442211
113.542713567839
114.547738693467
115.552763819095
116.557788944724
117.562814070352
118.56783919598
119.572864321608
120.577889447236
121.582914572864
122.587939698492
123.592964824121
124.597989949749
125.603015075377
126.608040201005
127.613065326633
128.618090452261
129.623115577889
130.628140703518
131.633165829146
132.638190954774
133.643216080402
134.64824120603
135.653266331658
136.658291457286
137.663316582915
138.668341708543
139.673366834171
140.678391959799
141.683417085427
142.688442211055
143.693467336683
144.698492462312
145.70351758794
146.708542713568
147.713567839196
148.718592964824
149.723618090452
150.72864321608
151.733668341709
152.738693467337
153.743718592965
154.748743718593
155.753768844221
156.758793969849
157.763819095477
158.768844221106
159.773869346734
160.778894472362
161.78391959799
162.788944723618
163.793969849246
164.798994974874
165.804020100502
166.809045226131
167.814070351759
168.819095477387
169.824120603015
170.829145728643
171.834170854271
172.839195979899
173.844221105528
174.849246231156
175.854271356784
176.859296482412
177.86432160804
178.869346733668
179.874371859296
180.879396984925
181.884422110553
182.889447236181
183.894472361809
184.899497487437
185.904522613065
186.909547738693
187.914572864322
188.91959798995
189.924623115578
190.929648241206
191.934673366834
192.939698492462
193.94472361809
194.949748743719
195.954773869347
196.959798994975
197.964824120603
198.969849246231
199.974874371859
200.979899497487
201.984924623116
202.989949748744
203.994974874372
205
-8
-7.79746835443038
-7.59493670886076
-7.39240506329114
-7.18987341772152
-6.9873417721519
-6.78481012658228
-6.58227848101266
-6.37974683544304
-6.17721518987342
-5.9746835443038
-5.77215189873418
-5.56962025316456
-5.36708860759494
-5.16455696202532
-4.9620253164557
-4.75949367088608
-4.55696202531646
-4.35443037974684
-4.15189873417722
-3.94936708860759
-3.74683544303798
-3.54430379746835
-3.34177215189873
-3.13924050632911
-2.93670886075949
-2.73417721518987
-2.53164556962025
-2.32911392405063
-2.12658227848101
-1.92405063291139
-1.72151898734177
-1.51898734177215
-1.31645569620253
-1.11392405063291
-0.911392405063292
-0.708860759493671
-0.506329113924051
-0.30379746835443
-0.10126582278481
0.101265822784811
0.30379746835443
0.50632911392405
0.708860759493671
0.911392405063291
1.11392405063291
1.31645569620253
1.51898734177215
1.72151898734177
1.92405063291139
2.12658227848101
2.32911392405063
2.53164556962025
2.73417721518987
2.93670886075949
3.13924050632911
3.34177215189873
3.54430379746835
3.74683544303798
3.94936708860759
4.15189873417722
4.35443037974684
4.55696202531646
4.75949367088608
4.9620253164557
5.16455696202532
5.36708860759494
5.56962025316456
5.77215189873418
5.9746835443038
6.17721518987342
6.37974683544304
6.58227848101266
6.78481012658228
6.9873417721519
7.18987341772152
7.39240506329114
7.59493670886076
7.79746835443038
8
0
0
0
0
0
0
0
0
0
0
0
0
0.000742750897140299
0.0188807791344588
0.222400874896745
1.65679039407861
8.55138627964554
32.7562645567026
98.4424697369791
242.606782115362
509.271450268177
938.201062885611
1557.76009809579
2348.30938400183
3338.38478282985
4547.5701823725
5732.29070053001
6995.43611703835
8193.70228291021
9443.91271744188
10688.5341157317
11887.9237324293
13103.298986143
13881.8866531568
14822.2249558718
15466.08560612
16288.4690935828
16575.0019154318
16241.7561975275
17127.3845266872
17127.3845266872
16241.7561975275
16575.0019154318
16288.4690935828
15450.6802629811
14834.5825084783
13882.2592032247
13119.2479158525
11888.371874861
10688.5316148523
9444.38642060144
8217.28669778178
7063.50216306801
5723.44971148024
4547.73709968753
3335.62722285852
2346.67989846882
1558.42981681119
938.387583173851
509.145251478609
242.595706031491
98.434196616866
32.7562645600674
8.55138628656042
1.65679039342637
0.222400874911609
0.0188807791344017
0.000742750897140506
0
0
0
0
0
0
0
0
0
0
0
0
0
0
0
0
0
0
0
0
0
0
0
0
0
0.00104135289213929
0.0233179200174085
0.261052139083727
1.86845187080001
9.33519014141822
34.8077616937925
102.257283123031
247.505089240952
511.504909352204
929.773654788062
1522.61673626807
2289.4315831286
3213.31710963791
4255.34736712691
5380.71156097625
6571.51756044403
7712.66660578122
8711.89689193397
10080.0641242832
11037.6068542796
11870.7453477009
12910.5640415732
13466.2080406572
14047.5937377662
14339.7759242495
14663.8185510525
14790.8219265349
14790.821926535
14663.8185510525
14339.7762937489
14047.5937377662
13466.2080406572
12911.4708529525
11940.633327499
11005.1888606223
10064.2409277313
8712.07272999644
7726.45436965195
6568.75549279121
5357.27109516355
4247.68725712848
3207.31625697971
2288.77723167534
1525.36540313118
930.447486556935
511.576629367303
247.530191337033
102.257300342139
34.807761728797
9.33519012603914
1.86845186996634
0.261052139108865
0.0233179200173374
0.00104135289213948
0
0
0
0
0
0
0
0
0
0
0
0
0
0
0
0
0
0
0
0
0
0
0
0
0
0
0
0.00231963387536945
0.041367261045002
0.412037667933621
2.68764557204697
12.4419909798125
43.6013599884119
121.758463605297
282.355862514988
564.077054720585
996.733800810135
1594.15962760392
2351.56673715131
3249.22516004118
4254.69286537474
5370.71122041865
6374.63343044676
7447.03235628749
8421.55452170046
9460.76603311821
10342.8754655308
11141.9218401207
11815.0113528774
12376.2907014305
12783.1217861729
13158.5470810029
12930.7427954997
12930.7427954997
13158.5470810029
12783.2416733947
12376.2907014305
11815.0113528774
11131.386878415
10342.431095248
9483.10538842603
8419.7797790176
7437.13930432511
6363.27067023058
5383.19919807363
4254.37069127467
3249.48366956743
2350.30100467554
1599.4160591911
998.441644062265
564.288729981942
282.311802627026
121.650550898908
43.6013596257663
12.4419909717054
2.68764557257101
0.41203766798935
0.0413672610450815
0.00231963387537014
0
0
0
0
0
0
0
0
0
0
0
0
0
0
0
0
0
0
0
0
0
0
0
0
0
0
0
0
8.99850083778944e-05
0.00647249213197179
0.0913483065798185
0.779027364013913
4.48325352966984
18.7337168372923
60.4066080213388
157.524611345037
345.712275778351
659.301249867401
1121.69454197293
1738.62865131676
2497.78019147733
3378.79162543369
4333.41665796376
5178.67790258649
6338.72660748723
7336.76200994914
8240.62168020498
9099.32591185136
9930.48320630683
10514.8703237889
11078.3937001091
11474.317645298
11713.4346544884
11736.6781359029
11736.6781359029
11713.4346544884
11472.9892791412
11073.9600136418
10514.8703237889
9930.48320630684
9101.78509045789
8230.35299497325
7332.1822288828
6327.39519958152
5178.98295197727
4344.41808097153
3378.2836687035
2497.39457177247
1739.26856056181
1122.20317132782
659.157274968952
345.949417592032
157.524625223591
60.4066081547421
18.7337168873349
4.48325352550344
0.779027364071897
0.0913483065801456
0.00647249213197348
8.9985008377822e-05
0
0
0
0
0
0
0
0
0
0
0
0
0
0
0
0
0
0
0
0
0
0
0
0
0
0
0
0
0
0.000897697778943624
0.0202516971906751
0.226915596211169
1.62426407984444
8.10619900474619
30.1757424419856
88.4484036658283
213.330472654805
439.480064304217
795.463086733488
1298.40590762862
2109.06497045667
2691.17332618198
3568.89933529413
4489.81637644933
5416.75157613946
6347.20227714021
7081.30119008974
8093.9207651219
8776.69752411157
9443.07955606122
9842.39532380716
10376.9883528646
10477.100314585
10736.0871526216
10736.0871526216
10477.100314585
10357.0336428583
9845.03701733682
9436.20872144437
8776.69000345829
8099.15935772064
7081.30119008973
6364.88393326671
5424.87457369441
4408.13771774311
3570.03924076249
2698.04767228963
2109.07923304371
1302.37182076809
795.534644910582
439.400797778848
213.337631002106
88.4484207761879
30.1757427899725
8.10619902260192
1.62426407917725
0.226915596232324
0.0202516971906371
0.000897697778943616
0
0
0
0
0
0
0
0
0
0
0
0
0
0
0
0
0
0
0
0
0
0
0
0
0
0
0
0
0
0
5.30694074110834e-06
0.00440772131361508
0.0662937531191574
0.590917589182835
3.52255940800202
15.1414131574241
49.9084410536969
132.698243343811
294.535493220554
567.519551406901
972.782133178442
1515.73334659224
2186.63293941855
2955.04687270447
3810.07256528117
4765.12418667896
5509.44034374202
6381.21758392761
7148.62836209515
7853.50016009824
8483.12320969604
8986.92509729888
9477.84467955192
9678.58395077152
9799.00777984909
9801.43684576342
9680.90192574292
9478.44060389586
8973.88998963675
8488.35475869551
7854.69025730852
7130.49380572507
6369.33378643279
5488.94332643509
4766.01221821861
3795.25273314754
2955.49681515627
2187.96549369912
1521.35042167572
997.805864042335
567.536080384917
294.489284131761
132.734500066513
49.908440685953
15.141412928121
3.52255940467463
0.590917589277925
0.0662937531196896
0.00440772131361766
5.30694074111662e-06
0
0
0
0
0
0
0
0
0
0
0
0
0
0
0
0
0
0
0
0
0
0
0
0
0
0
0
0
0
0
0
0.000866167932684437
0.0193467526046772
0.215634246068738
1.53594672793912
7.63189982900153
28.285837786705
82.5708533647098
198.43535862838
406.955694505771
733.882861161046
1189.67484828174
1774.91395434611
2517.13166056292
3238.55502983171
4143.21689505989
4867.79885863472
5673.70223170441
6421.0325377655
7095.07402747433
7654.86605615775
8135.39721085228
8480.42545290268
8807.53005089732
8926.27558253357
8926.29967693471
8810.12034276151
8480.38185783922
8132.28758714749
7684.45670389834
7095.65893671077
6427.4914399765
5678.99798746875
4860.83249366971
4145.39645541208
3239.44849929616
2517.16463633144
1775.74402504183
1203.27204401606
733.963449079172
393.895125346812
198.444714306937
82.5708705540514
28.2858381374581
7.63189984724155
1.53594672725897
0.215634246090406
0.0193467526046536
0.000866167932684419
0
0
0
0
0
0
0
0
0
0
0
0
0
0
0
0
0
0
0
0
0
0
0
0
0
0
0
0
0
0
0
0
7.36485242459905e-05
0.00558509432131981
0.0788503455124136
0.671684495569307
3.85812589183694
16.0831339468075
51.6641592454787
134.281098350877
292.927878564641
555.922427419167
940.004382943274
1447.68477724878
2066.02163076706
2771.2312466642
3520.0291071601
4293.11533422181
5072.04952338285
5813.9759800943
6427.79924063055
7005.03510396233
7475.45259406748
7829.20239324717
8091.40979242056
8203.46119731773
8199.41774011923
8091.40979242056
7843.0989047776
7458.1437237732
7006.29330848904
6387.49027968294
5794.85355615502
5061.11088053973
4297.76574183718
3510.42081929396
2754.62192671333
2066.04739293793
1448.23043745894
940.116727157541
555.927443801273
286.427156088081
134.289539587945
51.6641589488426
16.0831337095191
3.85812589162172
0.671684495640048
0.0788503455125758
0.00558509432132326
7.3648524245929e-05
0
0
0
0
0
0
0
0
0
0
0
0
0
0
0
0
0
0
0
0
0
0
0
0
0
0
0
0
0
0
0
0
0
0.00154079389833542
0.0288370978732902
0.294398978899885
1.95567060993361
9.17283775882931
32.4238153121184
91.2319117634727
211.699019853398
422.574021540282
744.759447352115
1184.90041763039
1733.43538258101
2371.09129628981
3072.61836858091
3794.60547198869
4537.73352079057
5208.67836894047
5861.58942374265
6405.82481390875
6849.74067652974
7210.91132167363
7464.88791544543
7560.91636299773
7559.22484297687
7467.43240561994
7203.17156321216
6850.23491401213
6383.11506988114
5802.16154942163
5200.43054055482
4537.56033730039
3803.55466326757
3153.63941371944
2368.43795999114
1734.45744086695
1184.52566409636
743.459320120648
422.587920592197
211.781541360195
91.2319333133614
32.4238158166381
9.17283775676126
1.95567060866875
0.294398978934962
0.0288370978731873
0.00154079389833524
0
0
0
0
0
0
0
0
0
0
0
0
0
0
0
0
0
0
0
0
0
0
0
0
0
0
0
0
0
0
0
0
0
0
0.000350992737845134
0.010508746721027
0.129268638747393
0.993035226950274
5.24211239619221
20.3919383716606
61.8904839794717
153.346702345828
322.068625766932
591.566974361918
973.65305356082
1464.01223695734
2046.12914431618
2704.94409329652
3389.0792655117
4069.25617996695
4714.0853599668
5329.42502113606
5852.45407230074
6270.84092834282
6655.0349177939
6883.54159231101
7016.01586373335
7016.01586373336
6884.93949987218
6656.03978500013
6268.14111494287
5854.58809356982
5329.69567318109
4709.85199920693
4081.91962287907
3388.00663957941
2777.14085341194
2049.22083179255
1463.08607705187
978.471568844767
591.563850660404
321.990172626413
153.372680666815
61.8904841322512
20.3919381674416
5.24211239252344
0.993035226763059
0.129268638749194
0.0105087467210354
0.000350992737845118
0
0
0
0
0
0
0
0
0
0
0
0
0
0
0
0
0
0
0
0
0
0
0
0
0
0
0
0
0
0
0
0
0
0
1.32788522662663e-06
0.00377908342965149
0.0568070349196162
0.505238376562912
3.00149053943818
12.859202631474
42.187602718808
111.365124708378
246.197204241061
471.242257724978
801.871346895307
1238.59915163668
1770.34396301515
2371.55160544775
3010.8916414876
3668.50115502642
4290.0374399439
4896.45903375762
5391.18470344596
5822.0726740181
6141.53828143743
6380.87877450734
6491.31635727628
6487.7634910785
6380.87881024109
6143.16965869826
5822.19674684249
5390.77613315865
4893.7626100476
4290.31067618263
3668.81021299413
3015.02493978204
2372.6221886717
1772.1360289363
1238.69626547911
802.383279079373
471.061898266763
246.217616556367
111.365142947885
42.1876023697279
12.85920261903
3.00149053998368
0.505238376633387
0.0568070349195555
0.00377908342965155
1.32788522662901e-06
0
0
0
0
0
0
0
0
0
0
0
0
0
0
0
0
0
0
0
0
0
0
0
0
0
0
0
0
0
0
0
0
0
0
0
0.00130499426219025
0.0249544849216164
0.257421544683622
1.72227721942515
8.12468112622096
28.812960246542
81.0445092763448
188.54740555439
376.274857307765
662.092342690776
1051.07813200722
1534.03949277395
2094.15177913101
2691.38983055751
3309.5371086655
3968.46644144716
4473.27145730755
4996.52877608277
5406.01087163508
5700.97642431771
5932.8164322787
6033.70517278862
6040.2077542765
5932.8164322787
5701.95540630001
5403.53768217111
4887.70511598396
4473.63725937619
3968.89737612561
3312.48610367683
2699.92766817013
2091.35666165717
1533.33769144783
1051.38589983677
662.131492408058
376.213871262319
188.573259981219
81.0445299824905
28.812960513047
8.1246811523844
1.72227721862223
0.25742154471319
0.0249544849215602
0.00130499426219017
0
0
0
0
0
0
0
0
0
0
0
0
0
0
0
0
0
0
0
0
0
0
0
0
0
0
0
0
0
0
0
0
0
0
0
0
0.000394796484292152
0.0109363432561062
0.131318083194986
0.989513210706199
5.13942556127144
19.7142155152093
59.0712962341644
144.770172566189
301.003224084445
547.67716585958
893.313900164032
1331.63408707721
1847.32435031736
2412.06715733591
2992.97138571619
3570.83248128863
4104.12777922818
4589.61775109922
5010.79056707521
5298.73538476664
5536.77727347284
5610.66774963765
5610.66774963764
5536.77727347284
5300.38819246789
5001.44826182133
4592.4664516501
4097.84142834825
3568.83339780375
2991.98324953095
2411.64386629366
1847.06725694703
1331.80201782175
893.496737399122
547.574615174402
300.999965915921
144.770202681991
59.0712961393279
19.7142153466224
5.13942555851508
0.98951321052189
0.131318083197575
0.0109363432561105
0.000394796484292169
0
0
0
0
0
0
0
0
0
0
0
0
0
0
0
0
0
0
0
0
0
0
0
0
0
0
0
0
0
0
0
0
0
0
0
0
6.02057204106466e-05
0.00475701457945517
0.0670323201357569
0.569164551597626
3.25542352064604
13.5071889948973
42.9526572959519
111.288369572558
241.202085408891
453.77204302906
760.794533558317
1308.81071848559
1634.47462494096
2162.58474175793
2713.60101027447
3260.28575057079
3783.18182035827
4245.42912992267
4634.57505391973
4946.97066672274
5231.79724705083
5262.51762746947
5262.51762746946
5231.23683876927
4946.32781750743
4634.787843789
4241.8360186292
3789.46977128341
3261.81175549324
2721.28820983081
2176.5737709217
1632.98031222784
1308.81056996776
760.881614309509
453.636788432288
241.192194426652
111.288402578412
42.9526568706732
13.5071889867181
3.25542351800301
0.569164551708717
0.0670323201352929
0.00475701457945538
6.02057204105914e-05
0
0
0
0
0
0
0
0
0
0
0
0
0
0
0
0
0
0
0
0
0
0
0
0
0
0
0
0
0
0
0
0
0
0
0
0
0
0.0020305348906693
0.0342224247314617
0.327789397420086
2.06475283927801
9.26445869722508
31.5375807974507
85.6736482766431
193.689932456787
376.810301771543
648.917353232145
1011.5962094029
1450.23215182219
1951.53543350057
2471.13327837939
2989.3215489785
3491.82774821286
3939.21149696623
4310.20509647756
4632.16526274254
4811.90276310045
4896.62619703818
4896.62619703818
4797.83122466619
4632.16526274253
4316.81741864397
3938.4171202719
3487.8906959376
2989.03320621412
2488.70988113788
1957.80914553123
1450.87046564867
1012.3643984007
649.172079293086
376.800947595164
193.692320115917
85.6736732945873
31.5375814149529
9.26445868640643
2.06475283773942
0.327789397471821
0.0342224247313875
0.00203053489066926
0
0
0
0
0
0
0
0
0
0
0
0
0
0
0
0
0
0
0
0
0
0
0
0
0
0
0
0
0
0
0
0
0
0
0
0
0
0
0.000826847916337386
0.0174591174315999
0.188884907580852
1.31095878924509
6.36266510699177
23.0824636938729
66.0434601936454
155.694954313036
313.362429984055
554.228630928751
886.169258927147
1288.54115507178
1753.72395439045
2260.55517256207
2747.51461457016
3226.27161971704
3655.94203953413
4048.14166564005
4292.62387952399
4499.92780184535
4600.32106366407
4600.00959902798
4491.3126788767
4292.30601454149
4047.16093616294
3655.83927339329
3226.41053377077
2756.95723838273
2261.1529874158
1753.1722411032
1288.10502597957
886.268000464954
554.254389773944
313.17130176748
155.694993844166
66.0434778741858
23.0824635147864
6.3626651255527
1.31095878906373
0.18888490759018
0.0174591174315771
0.000826847916337326
0
0
0
0
0
0
0
0
0
0
0
0
0
0
0
0
0
0
0
0
0
0
0
0
0
0
0
0
0
0
0
0
0
0
0
0
0
0
0.000295396930625814
0.00888570727812939
0.10891998818818
0.833213200785799
4.37473331609127
16.9176638850298
50.9733353249448
125.30968559908
260.847865180346
474.1674510837
771.946516941255
1147.18209241203
1581.92938085898
2052.35527473729
2528.11717335356
2987.84446627084
3405.69310171272
3754.25630616942
4039.93617522375
4214.40985732991
4324.4959714971
4324.36419840465
4214.00059302402
4038.31108086059
3755.82256396243
3407.64331185019
2989.36486667897
2526.66150851065
2063.68126021783
1581.40034505748
1147.45703430474
771.996888257554
474.326778705956
260.827443210227
125.309712686542
50.973335186329
16.9176636300203
4.37473331870935
0.833213200694042
0.108919988190314
0.00888570727813828
0.000295396930625788
0
0
0
0
0
0
0
0
0
0
0
0
0
0
0
0
0
0
0
0
0
0
0
0
0
0
0
0
0
0
0
0
0
0
0
0
0
0
6.09813305737853e-05
0.0044978456281731
0.062848664954279
0.52996084897697
3.01110705090933
12.4120895258245
39.3774510839463
100.943864757495
217.422448257214
406.100880030799
675.884720205954
1021.73812609506
1429.9401809607
1875.75543190009
2329.96382297364
2770.62159798359
3171.46841868792
3515.42405824639
3785.09203110889
3981.91992884323
4071.4913657761
4071.4913657761
3981.4553588512
3783.27614368041
3515.86812301831
3177.94638097573
2771.31544981331
2337.8444143272
1880.69362858315
1429.22985221328
1021.87546312078
675.933712367155
406.292532614519
217.443699810414
100.943899085801
39.3774514228604
12.4120895135953
3.01110705204104
0.529960849058926
0.0628486649536809
0.0044978456281731
6.09813305737219e-05
0
0
0
0
0
0
0
0
0
0
0
0
0
0
0
0
0
0
0
0
0
0
0
0
0
0
0
0
0
0
0
0
0
0
0
0
0
0
0
0.00224852883797261
0.0362708636610384
0.337298939439914
2.07153017040859
9.11312731861205
30.4556173645241
81.4203850704617
181.438147723595
348.406865506218
592.269557401158
911.614775505667
1293.62619651292
1714.90332494973
2150.07843166924
2572.91861543524
2965.3342636124
3283.73885442556
3558.24550151431
3726.8152090667
3831.80996053186
3830.66738650792
3725.24984070057
3558.20656465195
3282.13697283941
2968.3575015625
2573.57732998958
2147.80983572534
1713.65874118049
1292.09086877511
911.352333163189
592.097148699779
348.403761219878
181.438204224314
81.420411807073
30.4556177720016
9.11312730646623
2.0715301688604
0.337298939493388
0.0362708636609666
0.00224852883797261
0
0
0
0
0
0
0
0
0
0
0
0
0
0
0
0
0
0
0
0
0
0
0
0
0
0
0
0
0
0
0
0
0
0
0
0
0
0
0
0
0.0010964453331122
0.0209234777111932
0.21484421337038
1.42928899044001
6.69557731729912
23.5836459867898
65.7405530261644
151.513088972768
299.093906267736
519.806313040078
814.425340616975
1171.38475212232
1570.09953064679
1985.03841141075
2472.95733435584
2759.67050269243
3080.75469446476
3346.19656258253
3505.25465238516
3595.79667599266
3595.22511705733
3511.23986733051
3346.33162291361
3080.4395611729
2762.60334268039
2472.95822307257
1983.28069894841
1570.70593363792
1171.85609407288
814.750720241416
519.655309337709
299.094331443625
151.513131697521
65.7405731642001
23.5836458300924
6.69557734116645
1.42928898988137
0.21484421340723
0.0209234777111801
0.0010964453331122
0
0
0
0
0
0
0
0
0
0
0
0
0
0
0
0
0
0
0
0
0
0
0
0
0
0
0
0
0
0
0
0
0
0
0
0
0
0
0
0
0.000506021464715218
0.0120578414860404
0.136925820565164
0.985857090638199
4.92447120486077
18.2633234719957
53.1172735547729
126.69292552866
257.010874047983
456.61123209943
727.902524491835
1061.71672140544
1439.08285737102
1835.4454054017
2231.18087264738
2592.04420394146
2895.09208555445
3136.07238757063
3305.75972411669
3390.67398036635
3390.58558011245
3314.19966346625
3135.92696088193
2893.55191082096
2590.40044991094
2174.39347085991
1831.4293153125
1438.77736847363
1060.16778566064
728.357238696786
456.674871006901
257.010913476809
126.692958170879
53.1172735356516
18.2633232083674
4.92447120671424
0.985857090635224
0.136925820567829
0.0120578414860434
0.000506021464715218
0
0
0
0
0
0
0
0
0
0
0
0
0
0
0
0
0
0
0
0
0
0
0
0
0
0
0
0
0
0
0
0
0
0
0
0
0
0
0
0
0.000203493337716779
0.00693295306411973
0.0872863020243497
0.680323877027004
3.62423105437262
14.153021942219
42.9765413099745
105.976842457258
220.866378031855
401.330193004666
651.493543045415
963.513495058787
1320.92723611202
1698.88113040068
2079.82626201515
2433.88294064781
2723.03402361052
2958.86297628877
3115.66583569404
3204.57053489568
3204.53997486177
3115.90391152168
2958.55247696731
2723.25935584426
2433.67373920014
2076.06626493828
1698.26287801456
1322.03029387156
963.127472881179
653.857874926448
401.605168086569
220.873433198552
105.976867161188
42.9765409667881
14.1530216951124
3.62423105212767
0.680323877009599
0.0872863020235307
0.00693295306411973
0.00020349333771676
0
0
0
0
0
0
0
0
0
0
0
0
0
0
0
0
0
0
0
0
0
0
0
0
0
0
0
0
0
0
0
0
0
0
0
0
0
0
0
0
4.86566670039076e-05
0.00396833391270608
0.0556578843841004
0.469938874727381
2.66877337941343
10.9821371467636
34.727487733636
88.7667335212553
190.14014527546
353.044265368023
583.437676712692
875.28392883072
1212.32327663823
1573.81951514738
1932.90398330728
2272.3445028239
2560.82070186239
2783.94645432118
2945.72582089111
3029.94583366662
3029.82195311549
2945.82424574272
2785.7201218855
2561.12597272678
2271.94047909666
1932.76405648252
1574.34409548359
1212.75096200756
875.331875740315
583.407777066904
353.041747584867
190.140198733268
88.7667675213301
34.7274886507218
10.9821371433076
2.66877337841019
0.46993887482915
0.0556578843842607
0.00396833391270608
4.86566670038557e-05
0
0
0
0
0
0
0
0
0
0
0
0
0
0
0
0
0
0
0
0
0
0
0
0
0
0
0
0
0
0
0
0
0
0
0
0
0
0
0
0
0
0.0022530562551726
0.0355004301428789
0.324693354932926
1.96634382066309
8.52185123288959
28.1413053654268
74.3589385536755
163.794926793944
311.134865988874
523.043517717966
795.581996186688
1115.46102986818
1460.61577933439
1804.30638782618
2129.18762022384
2410.79957986298
2628.4229718456
2786.65711931693
2869.95581057854
2867.13750317771
2786.229728739
2627.769802923
2401.48021360755
2128.0228499421
1804.07670132776
1460.52241025551
1114.90607002536
795.590199553056
522.990844444514
311.192683017091
163.794982203635
74.3589657536177
28.1413051734296
8.52185126122999
1.96634381920366
0.324693354996922
0.0355004301428227
0.0022530562551726
0
0
0
0
0
0
0
0
0
0
0
0
0
0
0
0
0
0
0
0
0
0
0
0
0
0
0
0
0
0
0
0
0
0
0
0
0
0
0
0
0
0
0.00126019698642283
0.0226431577651683
0.224337861281732
1.44917319021924
6.62158473283573
22.8059835792675
62.3473490034051
141.171218938408
274.66108497397
469.237448588522
723.873989921333
1025.24429366291
1353.55690744507
1684.57394310567
1996.75269737473
2270.18957307692
2487.96615097124
2637.47988131009
2709.83866697053
2709.75109839828
2638.00502222725
2489.05254995566
2271.66520258639
1996.51239601698
1684.32821211348
1354.18621867382
1025.6390412986
723.875649991973
469.230583678135
274.706644100017
141.171264875609
62.3473497947563
22.8059834744732
6.62158476037664
1.44917318972271
0.224337861310511
0.0226431577651262
0.00126019698642283
0
0
0
0
0
0
0
0
0
0
0
0
0
0
0
0
0
0
0
0
0
0
0
0
0
0
0
0
0
0
0
0
0
0
0
0
0
0
0
0
0
0
0.000685439156672593
0.0144295645864244
0.155111669645977
1.06883795892841
5.14374343320421
18.4911427293037
52.1400822485587
121.758256310579
241.683274390686
421.225868230305
658.894655744163
944.030899607057
1257.04000189112
1575.47399711049
1874.8974239429
2054.68186282986
2347.48932281459
2491.86564966199
2565.52743534471
2565.23881871747
2499.52704622757
2347.92795211949
2054.81526275434
1874.89653175893
1575.18941843267
1257.2319103558
944.112657898319
658.986330177197
421.226592724299
241.683375586265
121.75829356662
52.1400821038193
18.4911424543083
5.14374343706478
1.06883795885823
0.155111669648827
0.0144295645864158
0.000685439156672593
0
0
0
0
0
0
0
0
0
0
0
0
0
0
0
0
0
0
0
0
0
0
0
0
0
0
0
0
0
0
0
0
0
0
0
0
0
0
0
0
0
0
0.000352736918215622
0.00918770822511694
0.107308130506
0.788729329276661
3.99925167945946
14.9907314222295
43.8882760348008
105.091998332947
213.242960073137
378.354455300039
600.449920344147
869.524849982122
1168.3823907236
1482.45013782318
1762.50692793506
2018.47909608329
2223.70583695572
2359.30254167966
2435.43273447272
2439.17239126919
2360.07199258176
2223.52827695274
2018.01722977646
1762.00454035048
1481.77158145179
1168.48066006451
869.452931681009
600.452035438278
378.350350037364
213.243041165796
105.092043374503
43.8882764729083
14.9907311693481
3.99925167897988
0.788729329252287
0.107308130511296
0.00918770822511706
0.000352736918215634
0
0
0
0
0
0
0
0
0
0
0
0
0
0
0
0
0
0
0
0
0
0
0
0
0
0
0
0
0
0
0
0
0
0
0
0
0
0
0
0
0
0
0.000160240063809384
0.00583864657906719
0.0742453922746822
0.581923972691566
3.11064926185208
12.1656676137687
36.8725580285233
90.7523106509444
188.193636306242
340.004913210711
547.23280640071
801.249364061237
1087.01983881583
1379.7731442559
1658.03539578689
1904.8267083987
2098.2225878814
2242.59018519006
2304.52092395365
2304.5306078798
2242.49220169671
2097.44085742391
1904.82522118551
1657.76254038136
1379.62218901743
1086.24685541005
801.053214100784
547.302771537221
340.005576649992
188.193699597671
90.752348062381
36.8725591675626
12.1656676374923
3.11064926402236
0.581923972787119
0.0742453922734546
0.00583864657906729
0.000160240063809367
0
0
0
0
0
0
0
0
0
0
0
0
0
0
0
0
0
0
0
0
0
0
0
0
0
0
0
0
0
0
0
0
0
0
0
0
0
0
0
0
0
0
4.89764332276065e-05
0.00369878783520659
0.05137716397764
0.429512049698288
2.42050044368681
9.87723327876186
30.9795221436862
78.4173796036618
166.266094504346
305.745011418059
499.358251775912
739.602409514287
1010.53270866422
1292.23692246401
1561.09343666921
1798.47129499937
1988.74747450709
2113.98367864242
2189.4061324013
2189.79191714328
2114.34414464807
1988.02547472708
1799.91434758795
1553.2637970238
1293.01629017169
1010.54375940958
739.23832404237
499.370726513914
305.745162320618
159.377134287387
78.4174137718809
30.9795227555695
9.87723327176576
2.42050044172939
0.429512049820019
0.0513771639778151
0.00369878783520663
4.89764332275484e-05
0
0
0
0
0
0
0
0
0
0
0
0
0
0
0
0
0
0
0
0
0
0
0
0
0
0
0
0
0
0
0
0
0
0
0
0
0
0
0
0
0
0
0
0.00233110695548229
0.0355591665124879
0.317514132474894
1.88449319895997
8.02109970656642
26.0515048622928
67.7252007348241
146.930050800188
275.039986859113
455.423722338083
683.097827953255
940.928419272641
1211.30719559616
1470.9383493437
1701.80720036544
1876.5365629755
2009.88190783291
2103.41350758659
2103.58726964623
2009.82129448908
1876.16565841356
1700.99352389137
1470.93622870774
1211.33269133821
940.944118862601
683.011080660132
455.451317623366
275.040060818537
146.930108680549
67.7253269527813
26.0515047900218
8.0210997333605
1.88449319763669
0.317514132530393
0.035559166512357
0.00233110695548232
0
0
0
0
0
0
0
0
0
0
0
0
0
0
0
0
0
0
0
0
0
0
0
0
0
0
0
0
0
0
0
0
0
0
0
0
0
0
0
0
0
0
0
0
0.00145628342524785
0.0246086720180656
0.234608869825121
1.46745650401306
6.51757535987496
21.9032199492123
58.5882807945218
130.117360072045
247.748204640338
416.297306222951
630.441244288408
877.013206145393
1134.5958350319
1386.04276950728
1609.28210665325
1786.82905029915
1913.30548759506
1975.81858157572
1965.11103841446
1912.37033342617
1786.68378327165
1608.4254643095
1385.95297526124
1134.78019746396
877.461154105989
630.440954681932
416.353158639924
247.748264761131
130.117409646513
60.7379683315543
21.9032198561002
6.51757538965585
1.46745650338369
0.234608869864695
0.0246086720180284
0.00145628342524787
0
0
0
0
0
0
0
0
0
0
0
0
0
0
0
0
0
0
0
0
0
0
0
0
0
0
0
0
0
0
0
0
0
0
0
0
0
0
0
0
0
0
0
0
0.000897087927847801
0.0170265195391277
0.173420325220182
1.14325344325847
5.2986583181659
18.4246325015815
50.8908616875106
115.074929772526
223.012611626872
379.828354376135
582.359569219318
816.964751682725
1065.45726081102
1308.08618137325
1523.79145875728
1696.18652057408
1815.5070118692
1873.56292625472
1873.53923163996
1815.54360963461
1706.75812505652
1524.34757572419
1308.63471679471
1065.43368622869
816.980488242148
582.361895968298
379.829179148439
223.012652947121
115.074972017613
50.890861608044
18.4246322208652
5.29865829636923
1.14325344331359
0.173420325226119
0.0170265195391441
0.000897087927847816
0
0
0
0
0
0
0
0
0
0
0
0
0
0
0
0
0
0
0
0
0
0
0
0
0
0
0
0
0
0
0
0
0
0
0
0
0
0
0
0
0
0
0
0
0.000539512281698518
0.0117752644786198
0.128190781013669
0.890876605633181
4.3074720374638
15.5071671933386
43.8596496783255
101.793114375273
200.854602317288
347.452578986909
538.516983735313
761.968204353723
1000.33565758517
1233.48493990548
1442.01672438838
1609.86732078521
1727.18095660823
1788.23204696346
1788.22046614315
1726.99883877969
1609.75856642933
1442.11931732106
1233.77123885653
1000.33704148365
761.979358538501
538.51936170894
347.453356237259
200.854685255951
101.793165700626
43.8596502067963
15.5071669341419
4.30747203825366
0.890876605685279
0.128190781020961
0.0117752644786198
0.000539512281698528
0
0
0
0
0
0
0
0
0
0
0
0
0
0
0
0
0
0
0
0
0
0
0
0
0
0
0
0
0
0
0
0
0
0
0
0
0
0
0
0
0
0
0
0
0.000310901274798053
0.00813693339621208
0.0948138503227764
0.694491683587348
3.50435418283214
13.0540663003778
37.969081013611
90.1095720384342
181.061282028283
317.692503845574
498.025368782553
711.568663854417
939.843903305171
1164.30609884097
1367.70508481938
1528.92045709687
1640.82984813492
1702.02514236868
1702.06672307741
1640.53370753801
1529.12785698092
1367.37531509184
1164.25617392862
939.843083580849
711.570507166517
498.02759443969
317.692655743277
181.061356016252
90.1096175935601
37.9690821962673
13.054066336199
3.50435418101459
0.694491683565846
0.0948138503218647
0.00813693339621208
0.000310901274798064
0
0
0
0
0
0
0
0
0
0
0
0
0
0
0
0
0
0
0
0
0
0
0
0
0
0
0
0
0
0
0
0
0
0
0
0
0
0
0
0
0
0
0
0
0.000164800029013445
0.00561587230526862
0.0701364945777328
0.54144159543606
2.85041089207221
10.9932482750521
32.8788581935242
79.8070790883458
163.246962301106
290.507551936785
460.648978333335
663.465455222243
883.162881219452
1099.8419959145
1295.26197497386
1454.39228735696
1566.13734888901
1609.88851039444
1609.83908689342
1566.45796821506
1454.60371480606
1294.90578363352
1100.15601729819
883.138153771186
663.466296400942
460.649734310618
290.507686691529
163.247024258475
79.8071177168565
32.8788589596352
10.9932482773586
2.85041089153274
0.541441595519886
0.0701364945772936
0.00561587230526862
0.000164800029013432
0
0
0
0
0
0
0
0
0
0
0
0
0
0
0
0
0
0
0
0
0
0
0
0
0
0
0
0
0
0
0
0
0
0
0
0
0
0
0
0
0
0
0
0
7.14978666303339e-05
0.00386838579089899
0.051878846212161
0.422194415398639
2.320725690769
9.26235446387695
28.4764740167866
70.7336119221285
147.302973391259
265.869308111011
426.422168618929
619.626881913416
830.057875048596
1039.62941036068
1226.72089813652
1380.31566505143
1488.17363678262
1543.85574883372
1543.85878420577
1488.10930325121
1380.13291549188
1226.70796161189
1039.66122210529
830.061604188433
619.629040389953
426.422759148535
265.869680978536
147.303044738986
70.7336126701966
28.4764740504602
9.26235445173429
2.32072568882261
0.422194415539712
0.0518788462123478
0.00386838579089899
7.14978666302445e-05
0
0
0
0
0
0
0
0
0
0
0
0
0
0
0
0
0
0
0
0
0
0
0
0
0
0
0
0
0
0
0
0
0
0
0
0
0
0
0
0
0
0
0
0
1.19896609537015e-05
0.00265664974012455
0.0383816670036722
0.329352536148025
1.8893597968427
7.80533392866193
24.6268451094194
62.6861769612004
132.951610828495
243.469106829076
394.952078496071
578.730016258294
781.484927034031
982.296859904297
1164.88599578593
1313.44237114936
1423.34789681453
1471.67688549726
1471.6793599837
1423.18667207259
1313.57409932949
1164.71776537303
982.774577283642
781.471841741347
578.723947514902
394.952639093261
243.469170887058
132.951673668213
62.6861779941975
24.6268451032309
7.80533395722383
1.88935979527462
0.329352536241021
0.0383816670036259
0.00265664974012455
1.19896609536988e-05
0
0
0
0
0
0
0
0
0
0
0
0
0
0
0
0
0
0
0
0
0
0
0
0
0
0
0
0
0
0
0
0
0
0
0
0
0
0
0
0
0
0
0
0
0
0.00181661338025168
0.0283910447992672
0.256954172028531
1.53839349735146
6.58130761291684
21.3974017831582
55.5756282110315
120.101443435488
223.004303952255
365.784654489045
540.993737214389
734.839360330734
929.214806336975
1105.72820522579
1249.46584528679
1351.33658928202
1404.01252204117
1403.798696707
1350.95307106166
1249.84271919767
1105.82327507646
929.556976669911
734.777860862297
540.987809652414
365.785255163342
223.004359742597
120.101501923043
55.5756286888726
21.397401721628
6.58130763539162
1.53839349672494
0.2569541720731
0.0283910447992193
0.00181661338025168
0
0
0
0
0
0
0
0
0
0
0
0
0
0
0
0
0
0
0
0
0
0
0
0
0
0
0
0
0
0
0
0
0
0
0
0
0
0
0
0
0
0
0
0
0
0
0.00123399393119124
0.0210049733759815
0.200558764215032
1.2523133767152
5.55155033552017
18.5529659048817
49.2869358836957
108.471571630466
204.395806572298
339.016119188561
505.872811157192
691.628038919511
878.717588814959
1049.59272259021
1188.76970026736
1288.68660867612
1340.29615972352
1339.70803225951
1288.58837088602
1188.85106565197
1050.04830826164
879.044559796383
691.65982110621
505.867021074503
339.016565436888
204.395920665546
108.471621718778
49.2869358931679
18.5529656208426
5.5515503149531
1.25231337607458
0.200558764262104
0.0210049733760082
0.00123399393119124
0
0
0
0
0
0
0
0
0
0
0
0
0
0
0
0
0
0
0
0
0
0
0
0
0
0
0
0
0
0
0
0
0
0
0
0
0
0
0
0
0
0
0
0
0
0
0.000829904827938453
0.0155388375509288
0.156572265215802
1.02074035781674
4.68079996898857
16.0919783288563
43.7318310281613
97.8975056175052
187.228643163806
314.152781781374
473.132027128952
651.218904872794
831.393922492993
996.957317204214
1133.55431557641
1228.45261667787
1277.88174388836
1276.94402487101
1229.2158761631
1133.36841247798
997.200269005055
831.522817357514
651.259711245307
473.125422348991
314.153071297223
187.228737812523
97.8975651245681
43.7318326403407
16.0919780631597
4.6807999724384
1.02074035807198
0.156572265221745
0.015538837550935
0.000829904827938453
0
0
0
0
0
0
0
0
0
0
0
0
0
0
0
0
0
0
0
0
0
0
0
0
0
0
0
0
0
0
0
0
0
0
0
0
0
0
0
0
0
0
0
0
0
0
0.000549662274587058
0.0114877455975602
0.122209833808413
0.831848139269033
3.94933246525869
13.9620689055127
38.8002140655207
88.5426616113405
171.730085017441
291.307602925008
442.632011448108
613.484727824993
787.353039693868
946.919656091673
1078.87250629141
1171.38988927253
1219.63604011973
1219.61968475882
1171.41891148189
1078.85558552665
946.666681004733
787.480920778436
613.58274197095
442.624344006471
291.307189482662
171.730169888162
88.5427161404122
38.8002149994905
13.9620689603626
3.94933246266466
0.83184813947921
0.122209833805423
0.0114877455975601
0.000549662274587058
0
0
0
0
0
0
0
0
0
0
0
0
0
0
0
0
0
0
0
0
0
0
0
0
0
0
0
0
0
0
0
0
0
0
0
0
0
0
0
0
0
0
0
0
0
0
0.000355322244905197
0.00849213823116965
0.0954539764054187
0.678108530700858
3.33211320335141
12.1153188677272
34.4324433689617
79.9481672417562
157.354392693381
270.193985906082
414.399823104763
577.744796586255
745.706728686008
900.60790325318
1028.34957658128
1126.61762108385
1165.6213904485
1165.62262026737
1127.30494843685
1028.37845428694
901.125901733829
745.855281068147
577.850883815521
414.393791806112
270.19395646903
157.354490952373
79.9481658618247
34.4324431557802
12.1153188972429
3.33211319811838
0.678108530859786
0.0954539764047991
0.00849213823116954
0.000355322244905197
0
0
0
0
0
0
0
0
0
0
0
0
0
0
0
0
0
0
0
0
0
0
0
0
0
0
0
0
0
0
0
0
0
0
0
0
0
0
0
0
0
0
0
0
0
0
0.000220583142525508
0.00627211892627384
0.0745418907000415
0.552827468561629
2.8126006071186
10.5152088162027
30.5763783399001
72.3305135194341
144.352091683632
250.734440904946
387.713678225577
544.906598421522
706.407220470305
856.343201176253
980.424406503494
1068.10980397661
1113.60057523075
1113.59876225897
1068.11084045732
980.423686837003
856.616406067554
706.095554398213
544.904486585481
387.710549794513
250.734406341965
144.352177829045
72.3305119727692
30.5763782710189
10.5152088093259
2.81260060687631
0.552827468714734
0.0745418906995912
0.00627211892627377
0.000220583142525504
0
0
0
0
0
0
0
0
0
0
0
0
0
0
0
0
0
0
0
0
0
0
0
0
0
0
0
0
0
0
0
0
0
0
0
0
0
0
0
0
0
0
0
0
0
0
0.000127208084522719
0.00462810831808834
0.0582272686445971
0.450736912279206
2.3738903173094
9.13030984097746
27.1890818047066
65.4117031942167
132.449072560123
232.685166555874
362.875663183871
513.75857224006
669.632407619653
814.429388077424
934.894009675466
1020.19273067704
1064.67879663253
1064.68249760441
1019.94217140397
935.394772016747
814.316259727131
669.701264473268
513.805559301151
362.876751793326
232.686159161117
132.449156897191
65.4117005027091
27.1890819003719
9.13030988433364
2.37389031585665
0.45073691241991
0.0582272686448661
0.00462810831808827
0.000127208084522707
0
0
0
0
0
0
0
0
0
0
0
0
0
0
0
0
0
0
0
0
0
0
0
0
0
0
0
0
0
0
0
0
0
0
0
0
0
0
0
0
0
0
0
0
0
0
6.25403391640178e-05
0.00341034616085443
0.0454798863401174
0.367595672678918
2.00467036080586
7.93234005357016
24.1374271950777
59.1673630684448
121.543360230966
215.920083831241
339.812539515153
484.444422133399
634.529997405142
775.285873550691
893.894518075428
974.722444369048
1020.96486267667
1021.03596181107
974.951742774221
894.104718231283
775.375708018764
634.571212266535
484.433384052844
339.816147730314
215.921097226565
121.54343611054
59.1673638522073
24.1374272373715
7.93234008885995
2.00467035936609
0.367595672786218
0.0454798863398192
0.00341034616085438
6.25403391639284e-05
0
0
0
0
0
0
0
0
0
0
0
0
0
0
0
0
0
0
0
0
0
0
0
0
0
0
0
0
0
0
0
0
0
0
0
0
0
0
0
0
0
0
0
0
0
0
1.77999728761662e-05
0.00250798775649554
0.0355271682171938
0.299848856784818
1.692947530906
6.8863335603986
21.4311415817646
53.5321941684428
111.61890195777
200.544484284014
318.613753140657
457.077642045993
601.708347331663
738.020715942561
850.745873171515
931.656050924967
973.105663977765
973.105663977761
931.646884158952
850.702456567425
738.233292217471
601.684423534224
457.099311338684
318.502409027183
200.545435512416
111.618970797356
53.5321947508382
21.4311415784083
6.88633359069548
1.69294752908089
0.299848856869365
0.0355271682172579
0.00250798775649551
1.77999728761546e-05
0
0
0
0
0
0
0
0
0
0
0
0
0
0
0
0
0
0
0
0
0
0
0
0
0
0
0
0
0
0
0
0
0
0
0
0
0
0
0
0
0
0
0
0
0
0
0
0.00183933459462503
0.0277578436529065
0.244611404033436
1.42989197265575
5.98248328526102
19.0467394800676
48.4297851762553
102.464613094888
186.251682918617
298.514507174725
431.298825389339
570.672422837206
702.197820721523
812.109018798333
890.367225410262
930.14856500697
930.148565006969
890.36652972077
811.756821162409
701.982168877844
570.464790606578
431.26095909281
298.411261139868
186.252173128331
102.464673306161
48.4297864046944
19.0467394417427
5.98248331894896
1.42989197172328
0.244611404088606
0.027757843652873
0.00183933459462501
0
0
0
0
0
0
0
0
0
0
0
0
0
0
0
0
0
0
0
0
0
0
0
0
0
0
0
0
0
0
0
0
0
0
0
0
0
0
0
0
0
0
0
0
0
0
0
0
0.00134384611819952
0.0216841705683643
0.199683001992208
1.20803676054739
5.19808190606505
16.9265203774841
43.7417569939563
94.1308945329148
173.192092735243
279.996928238272
407.172506549924
541.529822161555
668.545071065871
774.901327985732
851.334905201397
889.869215990391
889.865619729093
851.323779628808
774.942972036938
668.684306899599
541.478727737304
407.276374638688
280.002249221094
173.192262115716
94.1309654171673
43.741758882561
16.9265200947122
5.19808188975183
1.20803675997977
0.199683002006453
0.021684170568354
0.0013438461181995
0
0
0
0
0
0
0
0
0
0
0
0
0
0
0
0
0
0
0
0
0
0
0
0
0
0
0
0
0
0
0
0
0
0
0
0
0
0
0
0
0
0
0
0
0
0
0
0
0.000976622970445419
0.0169391289409739
0.16287439998691
1.02105953624215
4.51763983640418
15.0455923386429
39.7080420140448
86.4848325551916
160.868843413733
262.635430863112
384.302122918514
514.0112802597
637.060840411324
740.295154607511
812.679018294755
851.882625803032
851.882109398308
812.684999471716
740.325162286704
637.0358323713
514.007703067066
384.273824941473
262.638902352576
160.868802590278
86.4848304757363
39.7080431593616
15.0455921339358
4.51763984214193
1.02105953652056
0.162874399997677
0.0169391289409739
0.000976622970445407
0
0
0
0
0
0
0
0
0
0
0
0
0
0
0
0
0
0
0
0
0
0
0
0
0
0
0
0
0
0
0
0
0
0
0
0
0
0
0
0
0
0
0
0
0
0
0
0
0.000704480457471892
0.013223850245513
0.132966654466423
0.862944304249851
3.92684243179499
13.380599038362
35.9440359717363
79.2454058708
149.521881840998
246.334096313623
363.02045685718
487.85395155058
606.913888089691
707.036117667755
777.511705932132
816.093801385893
816.094850101213
777.511285793836
706.874491578268
607.259607841697
487.911845332748
363.043203759523
246.341920599495
149.522195908526
79.2454042667238
35.944035811044
13.3805990909576
3.92684243104147
0.862944304622208
0.132966654462689
0.013223850245513
0.000704480457471876
0
0
0
0
0
0
0
0
0
0
0
0
0
0
0
0
0
0
0
0
0
0
0
0
0
0
0
0
0
0
0
0
0
0
0
0
0
0
0
0
0
0
0
0
0
0
0
0
0.000502797376366328
0.010332836914484
0.108549559674227
0.72918154367047
3.41269643468319
11.9006565344563
32.5509191013148
72.9940323441132
138.932910494807
230.994224607036
342.945955581379
463.257819798528
578.364692986121
675.497421355627
743.846040558111
781.685302566572
781.68462268343
743.846472482616
675.497855670911
578.410230416265
463.307672854271
342.915748701392
230.997850976505
138.933047673122
72.9940301727474
32.5509189495654
11.9006565659962
3.41269642915674
0.729181543743867
0.108549559670759
0.010332836914484
0.00050279737636632
0
0
0
0
0
0
0
0
0
0
0
0
0
0
0
0
0
0
0
0
0
0
0
0
0
0
0
0
0
0
0
0
0
0
0
0
0
0
0
0
0
0
0
0
0
0
0
0
0.000353345333865045
0.00806699457006862
0.0886033655350577
0.616423251471344
2.96661631687883
10.5847778122622
29.4947220580279
67.0949662107596
129.205399230691
216.79746779003
323.973857555426
440.134026712353
551.440573359871
645.716069009159
712.443840974977
748.290276070587
748.288257700347
712.442971802261
645.73538924547
551.511700637569
440.126123956811
324.031251962169
216.800474077607
129.205530431597
67.0949639652578
29.494722306975
10.5847778136976
2.96661631737674
0.616423251698642
0.0886033655352568
0.00806699457006862
0.000353345333865037
0
0
0
0
0
0
0
0
0
0
0
0
0
0
0
0
0
0
0
0
0
0
0
0
0
0
0
0
0
0
0
0
0
0
0
0
0
0
0
0
0
0
0
0
0
0
0
0
0.000242615969225523
0.00629824556487402
0.0723480210874282
0.521214151052173
2.58150946920876
9.41552106202201
26.7185576680761
61.6911215234908
120.13868472172
203.408156692815
306.219670496736
417.916285764599
525.662366601869
617.122431672946
685.344126277041
716.282901095149
716.282743724097
685.343485810689
617.143687259491
525.667830593555
417.916423355989
306.305914196976
203.403982374014
120.138820674527
61.6911192772064
26.7185578562101
9.41552104921802
2.58150946802474
0.521214151255846
0.0723480210871729
0.00629824556487402
0.000242615969225525
0
0
0
0
0
0
0
0
0
0
0
0
0
0
0
0
0
0
0
0
0
0
0
0
0
0
0
0
0
0
0
0
0
0
0
0
0
0
0
0
0
0
0
0
0
0
0
0
0.000160599462571823
0.00491085358008417
0.0590572732516181
0.440655146691324
2.2444716805823
8.38048304515791
24.2132711099759
56.7434079919542
111.737082550162
190.860630510243
289.384674404593
397.086042843134
501.385587975238
590.049090822713
653.567800214807
686.640924865677
686.638917244491
653.566383432033
590.047197808428
501.417758475605
397.096578156486
289.391982273475
190.861036712052
111.736034103013
56.7434096581806
24.2132712761652
8.38048309284631
2.24447167890605
0.440655146848334
0.0590572732518418
0.00491085358008417
0.000160599462571813
0
0
0
0
0
0
0
0
0
0
0
0
0
0
0
0
0
0
0
0
0
0
0
0
0
0
0
0
0
0
0
0
0
0
0
0
0
0
0
0
0
0
0
0
0
0
0
0
9.98741617769048e-05
0.00382708760940556
0.0482413836860562
0.37271869154527
1.95388343454117
7.46169796947199
21.9451678110497
52.1874095590014
103.909557627843
179.198732904469
273.602057421469
377.39799837665
478.344497551685
564.417559048409
626.44899496842
658.3731032795
658.371873499994
626.447390928819
564.406157766455
478.242235176188
377.407993046824
273.898986923651
179.193216813804
103.908002024102
52.1874113969561
21.9451679037108
7.46169802334551
1.95388343241946
0.372718691596175
0.0482413836861075
0.00382708760940556
9.9874161776891e-05
0
0
0
0
0
0
0
0
0
0
0
0
0
0
0
0
0
0
0
0
0
0
0
0
0
0
0
0
0
0
0
0
0
0
0
0
0
0
0
0
0
0
0
0
0
0
0
0
5.49397397265789e-05
0.00297976689996455
0.0393949024884893
0.315295037623763
1.69998221666209
6.63947902735102
19.8956586571547
48.0253828108156
96.7358276176718
168.241825647964
258.713950998912
358.858814083282
456.322128621153
539.639116197535
599.831911811339
630.920154172433
630.91879673137
599.864970377918
539.654147167052
456.474334474874
358.819480316862
258.714366141417
168.23696026046
96.7338205411053
48.0253820082858
19.8956583687603
6.63947907574958
1.69998221484482
0.315295037717966
0.0393949024886005
0.00297976689996455
5.49397397264883e-05
0
0
0
0
0
0
0
0
0
0
0
0
0
0
0
0
0
0
0
0
0
0
0
0
0
0
0
0
0
0
0
0
0
0
0
0
0
0
0
0
0
0
0
0
0
0
0
0
2.17165115630689e-05
0.00231835680184336
0.0321695979279034
0.266704905993263
1.47912947962561
5.90677470891055
18.0380604606203
44.162538600222
90.0389689194778
158.046728458565
244.685349587526
340.899964803866
435.506376773377
516.545961093596
575.175860865955
605.114168277983
605.113752958812
575.178458419047
516.536688287522
435.51272858381
341.196876694323
244.684204019326
158.050289755478
90.0368268614815
44.1625391204253
18.0380601793517
5.90677469044077
1.47912947849854
0.266704906070343
0.0321695979279891
0.00231835680184336
2.17165115630494e-05
0
0
0
0
0
0
0
0
0
0
0
0
0
0
0
0
0
0
0
0
0
0
0
0
0
0
0
0
0
0
0
0
0
0
0
0
0
0
0
0
0
0
0
0
0
0
0
0
0
0.00179865091193976
0.0262781187104167
0.225637044830233
1.28708764792952
5.25899312616822
16.3579997288749
40.6550714111612
83.9520384453677
148.455132553028
231.429057383511
324.363454523532
415.50051290099
490.882125383599
551.164922513385
580.481013353178
580.481220274194
551.166803808088
490.889563043713
415.502175371248
324.611423753633
231.444661560576
148.466894177451
83.9501250159867
40.6550735848666
16.3579995365331
5.2589931116175
1.28708764711983
0.225637044895045
0.0262781187104048
0.00179865091193976
0
0
0
0
0
0
0
0
0
0
0
0
0
0
0
0
0
0
0
0
0
0
0
0
0
0
0
0
0
0
0
0
0
0
0
0
0
0
0
0
0
0
0
0
0
0
0
0
0
0
0.00139304711654647
0.0214629505987737
0.190910107178106
1.11987941260761
4.68419118169149
14.8333983430394
37.3843331418993
78.089577255681
139.499591417682
218.93141557932
308.353410414416
396.848892079204
473.356750191405
527.997591787819
556.834526312713
556.834513980051
528.001766984307
473.351460635828
396.853459894953
308.806278694065
218.926701265073
139.506207150736
78.0881891197058
37.3843366928752
14.833398120323
4.684191175697
1.11987941308268
0.190910107197477
0.0214629505987793
0.00139304711654647
0
0
0
0
0
0
0
0
0
0
0
0
0
0
0
0
0
0
0
0
0
0
0
0
0
0
0
0
0
0
0
0
0
0
0
0
0
0
0
0
0
0
0
0
0
0
0
0
0
0
0.00107588204056868
0.0175297158208786
0.161550202544823
0.975063404832431
4.17152270179553
13.4644167051639
34.3870686459663
72.7316080120173
130.998533123926
207.209833063818
293.774800528562
379.019302139251
453.063804876839
506.266452833319
534.418825657918
534.418697044833
506.266538435512
453.088807114681
379.040105885376
293.771325620233
207.191659163711
130.999516770113
72.7315181981588
34.3870716775906
13.4644164723988
4.17152269952205
0.975063405361945
0.161550202561528
0.0175297158208786
0.00107588204056868
0
0
0
0
0
0
0
0
0
0
0
0
0
0
0
0
0
0
0
0
0
0
0
0
0
0
0
0
0
0
0
0
0
0
0
0
0
0
0
0
0
0
0
0
0
0
0
0
0
0
0.000827597205667313
0.0143163843360773
0.13665321409984
0.848940525424995
3.71486429386625
12.2110236764999
31.6890128822204
67.7087602912657
123.152588938819
196.157642308392
279.535665369589
362.167396878938
433.88667420215
485.491011949245
512.586178526105
512.585938401025
485.488758816992
433.880154201615
362.17625306022
279.545928682303
196.141308944857
123.153643897365
67.7091593812513
31.6890173956823
12.2110237281126
3.71486429323033
0.848940525841085
0.136653214095101
0.0143163843360773
0.000827597205667313
0
0
0
0
0
0
0
0
0
0
0
0
0
0
0
0
0
0
0
0
0
0
0
0
0
0
0
0
0
0
0
0
0
0
0
0
0
0
0
0
0
0
0
0
0
0
0
0
0
0
0.000633415967088091
0.0116912529683407
0.115735660430405
0.739226956285323
3.30960055475121
11.074377690874
29.1778708613413
63.0577347542841
115.770913251123
185.687045841639
265.704365840004
345.758937550043
416.936020800517
465.899581461112
492.178696639312
492.178701017137
465.901249857105
416.926250304037
345.761873223974
265.704365840004
185.686677334028
115.76787012636
63.0504504497118
29.1778767534843
11.0743776999416
3.30960055176305
0.73922695645518
0.11573566042612
0.0116912529683407
0.000633415967088091
0
0
0
0
0
0
0
0
0
0
0
0
0
0
0
0
0
0
0
0
0
0
0
0
0
0
0
0
0
0
0
0
0
0
0
0
0
0
0
0
0
0
0
0
0
0
0
0
0
0
0.000481474902020841
0.00954595339318231
0.0979651716175328
0.643675487821688
2.94858960129798
10.0490635158856
26.8594763262731
58.7551967036287
108.853512823521
175.712373911019
252.881466937551
330.324363586599
397.701853261259
446.856341330317
472.989340780921
472.989207904855
446.855676400793
397.69843553248
330.323303232952
252.881466937551
175.712440205392
108.855354825454
58.7546906903677
26.8594838995934
10.0490635100371
2.94858960474965
0.643675488014906
0.0979651716165693
0.00954595339318231
0.000481474902020841
0
0
0
0
0
0
0
0
0
0
0
0
0
0
0
0
0
0
0
0
0
0
0
0
0
0
0
0
0
0
0
0
0
0
0
0
0
0
0
0
0
0
0
0
0
0
0
0
0
0
0.000362638520438719
0.0077935241074806
0.0829245572673248
0.560536648484828
2.62700158903548
9.11820508962613
24.7354311434527
54.7384072416408
102.242250249075
166.412876762423
240.683259445472
315.598022770639
381.468006994106
428.952207247233
454.399872356684
454.39978472136
428.953052874009
381.483050032798
315.617076019313
240.683259445472
166.412376774142
102.245291978838
54.7387604163881
24.735440320444
9.11820515012073
2.62700158883673
0.560536648796443
0.0829245572667882
0.0077935241074806
0.000362638520438719
0
0
0
0
0
0
0
0
0
0
0
0
0
0
0
0
0
0
0
0
0
0
0
0
0
0
0
0
0
0
0
0
0
0
0
0
0
0
0
0
0
0
0
0
0
0
0
0
0
0
0.00026967831007626
0.00636095113483582
0.0701938461791785
0.488240518619706
2.34169400542806
8.27767818890507
22.7848547311991
51.0151910024812
96.2612926316606
157.593498351247
229.130581861073
301.790007312558
365.523971976758
411.841051332857
436.008273447151
436.008275092488
411.839930124315
365.484964398689
301.830536886045
229.130581861073
157.593498351246
96.2645397665572
51.0155253480859
22.7848610863161
8.27767826127452
2.34169400440447
0.488240518848033
0.0701938461790097
0.00636095113483582
0.00026967831007626
0
0
0
0
0
0
0
0
0
0
0
0
0
0
0
0
0
0
0
0
0
0
0
0
0
0
0
0
0
0
0
0
0
0
0
0
0
0
0
0
0
0
0
0
0
0
0
0
0
0
0.000196998627969322
0.00519039882496646
0.0594176500480916
0.425258125871349
2.08635168006365
7.5132614918017
20.9892820803761
47.5468509951183
90.5197953134267
149.290922305089
218.172701837013
288.414523478351
350.270564615665
395.392951643623
418.946565861846
418.946565600458
395.393056348117
350.277378923674
288.414523478351
218.172701837013
149.290462088239
90.522640333912
47.5467684317111
20.9892861892096
7.51326154141672
2.08635167831443
0.42525812600111
0.0594176500479294
0.00519039882496646
0.000196998627969327
0
0
0
0
0
0
0
0
0
0
0
0
0
0
0
0
0
0
0
0
0
0
0
0
0
0
0
0
0
0
0
0
0
0
0
0
0
0
0
0
0
0
0
0
0
0
0
0
0
0
0.000140144246987014
0.00423366463111265
0.050322982731704
0.370427472036708
1.85897259764147
6.82067011485264
19.3392582092036
44.3152032072189
85.1580814272332
141.420111605191
207.836756926052
275.50889589807
334.422575121145
379.603141056101
402.642889851448
402.642889851448
379.603733975995
334.421879558664
275.50889589807
207.836756926052
141.42011160519
85.1611605351409
44.3154424508129
19.3392605553615
6.82067017290992
1.85897259599773
0.370427472050126
0.050322982731664
0.00423366463111265
0.000140144246987011
0
0
0
0
0
0
0
0
0
0
0
0
0
0
0
0
0
0
0
0
0
0
0
0
0
0
0
0
0
0
0
0
0
0
0
0
0
0
0
0
0
0
0
0
0
0
0
0
0
0
9.57198241118453e-05
0.0034514531921752
0.0426125327348893
0.322931136375624
1.65751272078801
6.18486057431751
17.8091894255589
41.3036576128068
80.1341799361515
134.001369692059
197.929210784491
263.612174740916
321.579087806438
364.51462222692
386.800333939703
386.800333939703
364.514554950271
321.576111030671
263.619927278118
197.929210784491
134.001369692059
80.1328994683362
41.3037054119839
17.8091897442122
6.18486063872986
1.65751271987927
0.322931136450171
0.0426125327347705
0.0034514531921752
9.57198241118437e-05
0
0
0
0
0
0
0
0
0
0
0
0
0
0
0
0
0
0
0
0
0
0
0
0
0
0
0
0
0
0
0
0
0
0
0
0
0
0
0
0
0
0
0
0
0
0
0
0
0
0
6.10137475048123e-05
0.00281194070935796
0.0360936875594758
0.281154454507905
1.47761712739779
5.62145561991572
16.4107267379195
38.5150380859402
75.3411815574315
126.949977915939
188.492277001382
252.448262529907
308.293965897554
350.467630625175
371.789675006067
371.789675006067
350.467389686155
308.289112547078
252.446975748977
188.492277001382
126.949977915939
75.3376383898412
38.5146521090342
16.4107210542994
5.62145561229395
1.47761712692337
0.281154454605117
0.0360936875595475
0.00281194070935796
6.10137475048078e-05
0
0
0
0
0
0
0
0
0
0
0
0
0
0
0
0
0
0
0
0
0
0
0
0
0
0
0
0
0
0
0
0
0
0
0
0
0
0
0
0
0
0
0
0
0
0
0
0
0
0
3.39140470790736e-05
0.00228915608355529
0.0305566689195263
0.245074960427152
1.31741685425977
5.10554516380159
15.1267658868836
35.9105693799492
70.8796061173492
120.316778641317
179.658329443382
241.230835270005
295.794591323246
336.31495581704
357.320485873044
357.320485873044
336.315506044119
295.790662072577
241.229975256501
179.658329443382
122.113074252071
70.8773263495655
35.9100357879439
15.1267523915745
5.1055451371787
1.31741685383658
0.245074960518959
0.0305566689195826
0.00228915608355529
3.39140470790095e-05
0
0
0
0
0
0
0
0
0
0
0
0
0
0
0
0
0
0
0
0
0
0
0
0
0
0
0
0
0
0
0
0
0
0
0
0
0
0
0
0
0
0
0
0
0
0
0
0
0
0
1.27706129751092e-05
0.00186184594034682
0.0258787217469514
0.213542316423885
1.17446961624221
4.63807127605999
13.942036011472
33.4911474604317
66.6964137314892
114.035852328699
171.182204773258
230.674692561153
283.606795052001
323.136894296955
343.704399849232
343.704399849232
323.136777838896
283.606682152261
230.674692561153
171.182204773259
114.035852328699
66.6964137314892
33.491159719858
13.9420134747865
4.6380712724628
1.17446961690939
0.213542316446786
0.0258787217469233
0.00186184594034682
1.27706129751001e-05
0
0
0
0
0
0
0
0
0
0
0
0
0
0
0
0
0
0
0
0
0
0
0
0
0
0
0
0
0
0
0
0
0
0
0
0
0
0
0
0
0
0
0
0
0
0
0
0
0
0
0
0.00151240389226553
0.0219167860170602
0.186106776950333
1.04766232209525
4.2103757477614
12.8511717703724
31.2188912606591
62.8300016496114
108.096707656604
163.153580312605
220.598950474628
272.131409232001
310.251012822256
330.19522064091
330.19522064091
310.250769393035
272.130478178379
220.595180586889
163.153580312605
108.096707656604
62.8300016496114
31.219279592034
12.8511482679142
4.21037574300467
1.04766232263714
0.186106776977047
0.0219167860170604
0.00151240389226553
0
0
0
0
0
0
0
0
0
0
0
0
0
0
0
0
0
0
0
0
0
0
0
0
0
0
0
0
0
0
0
0
0
0
0
0
0
0
0
0
0
0
0
0
0
0
0
0
0
0
0
0
0.00122667030963084
0.0185628326092042
0.162202575084716
0.934342389686224
3.82571295535051
11.8494104531992
29.1254653813166
59.1577352593814
102.480785882928
155.546166410006
211.030099543084
260.926227873957
298.175206643096
317.87806500476
317.87806500476
298.174930009673
260.925467982586
211.030099543084
155.546166410006
102.480785882928
59.1613512757457
29.1257169574628
11.8493805828166
3.82571295439628
0.934342390459495
0.16220257507541
0.0185628326092044
0.00122667030963084
0
0
0
0
0
0
0
0
0
0
0
0
0
0
0
0
0
0
0
0
0
0
0
0
0
0
0
0
0
0
0
0
0
0
0
0
0
0
0
0
0
0
0
0
0
0
0
0
0
0
0
0
0.000992947186907026
0.0157168733390128
0.141379026181825
0.833010748538608
3.47386748238272
10.9232102562933
27.1649933300628
55.6825805382479
97.1760283911727
148.279428573259
202.035052093516
250.367506561017
286.688920763348
305.7589056852
305.758905685199
286.689009682921
250.368230184285
202.034861980434
148.279428573259
97.1760283911725
55.6825805382479
27.1650909006451
10.9231935365887
3.4738674768753
0.833010749230073
0.141379026177221
0.015716873339013
0.000992947186907026
0
0
0
0
0
0
0
0
0
0
0
0
0
0
0
0
0
0
0
0
0
0
0
0
0
0
0
0
0
0
0
0
0
0
0
0
0
0
0
0
0
0
0
0
0
0
0
0
0
0
0
0
0.000801974602782564
0.0133160558279327
0.123226500418158
0.743032937955024
3.15864441024333
10.072071288886
25.3439888863632
52.4480251771509
92.1156375885033
141.311095803398
193.3762938061
240.312076179769
275.698447070518
294.444866528038
294.444866528038
275.698469205813
240.311814145805
193.3762938061
141.311095803398
92.1156375885032
52.4480251771509
25.344088340119
10.0720412321031
3.15864441542571
0.743032938689994
0.123226500413386
0.0133160558279329
0.000801974602782564
0
0
0
0
0
0
0
0
0
0
0
0
0
0
0
0
0
0
0
0
0
0
0
0
0
0
0
0
0
0
0
0
0
0
0
0
0
0
0
0
0
0
0
0
0
0
0
0
0
0
0
0
0.000645305847645872
0.0112735725257377
0.107423124100198
0.662710580926928
2.86988814145621
9.28764485588923
23.6442893138072
49.3553922677627
87.3639091593853
134.728352994684
185.073491717047
230.776108489549
264.790789368199
281.648030803894
281.648030803894
264.791133526239
230.776052102745
185.073491717047
134.728352994684
87.3639091593851
49.3553922677627
23.6441433528072
9.28761559076041
2.86988814561839
0.662710581282549
0.107423124096962
0.0112735725257378
0.000645305847645872
0
0
0
0
0
0
0
0
0
0
0
0
0
0
0
0
0
0
0
0
0
0
0
0
0
0
0
0
0
0
0
0
0
0
0
0
0
0
0
0
0
0
0
0
0
0
0
0
0
0
0
0
0.00051807493110351
0.00954625725187311
0.0936558203280147
0.59062190750728
2.60906462649067
8.56543637595919
22.0620419181219
46.5156439631892
82.8714049479962
128.446194190578
177.125245126732
221.467008839008
254.579775511078
272.156703454877
272.156703454878
254.580207491566
221.467917111673
177.125245126732
128.446194190578
82.8714049479959
46.5156439631891
22.0622901075619
8.56542989936389
2.60906462629183
0.590621908009886
0.0936558203282133
0.0095462572518732
0.00051807493110351
0
0
0
0
0
0
0
0
0
0
0
0
0
0
0
0
0
0
0
0
0
0
0
0
0
0
0
0
0
0
0
0
0
0
0
0
0
0
0
0
0
0
0
0
0
0
0
0
0
0
0
0
0.00041363726305052
0.00808237304156488
0.0816732245546673
0.52754712001057
2.37039819796506
7.89995643118674
20.5886360988195
43.7718032601767
78.6028429105017
122.511851027858
169.613910748868
212.309342778633
244.777990810572
261.63588354398
261.635883543979
244.777930268935
212.309427051665
169.614418414461
122.511851027858
78.6028429105015
43.7718032601767
20.5888920905017
7.89995667425355
2.37039819720001
0.527547120284107
0.0816732245529183
0.00808237304156498
0.00041363726305052
0
0
0
0
0
0
0
0
0
0
0
0
0
0
0
0
0
0
0
0
0
0
0
0
0
0
0
0
0
0
0
0
0
0
0
0
0
0
0
0
0
0
0
0
0
0
0
0
0
0
0
0
0.000328264910023769
0.00684315927049665
0.0712105796102364
0.469927556783631
2.15419828918506
7.2862927487786
19.2218506384587
41.2383622587948
74.5600854352989
116.845523031547
162.407810835243
203.935747207566
235.41609497749
252.141308039353
252.141308039353
235.416053811945
203.935315139492
162.407810835243
116.845523031547
74.5600854352988
41.2383622587948
19.2218052018504
7.28629843057161
2.15419828828219
0.469927557052336
0.071210579610053
0.00684315927049673
0.000328264910023769
0
0
0
0
0
0
0
0
0
0
0
0
0
0
0
0
0
0
0
0
0
0
0
0
0
0
0
0
0
0
0
0
0
0
0
0
0
0
0
0
0
0
0
0
0
0
0
0
0
0
0
0
0.00025845713476062
0.00579258586734272
0.0621006011064263
0.419935983382979
1.95787832263685
6.7200845700372
17.9371227024388
38.846712780256
70.7456336021837
111.457032289592
155.556402460523
195.857065000956
226.575689670865
242.913936715979
242.913936715979
226.575706287073
195.857324850029
155.556402460523
111.457032289593
70.7456336021835
38.846712780256
17.9371227024388
6.72008922190963
1.95787832184045
0.41993598341972
0.0621006011065876
0.00579258586734278
0.00025845713476062
0
0
0
0
0
0
0
0
0
0
0
0
0
0
0
0
0
0
0
0
0
0
0
0
0
0
0
0
0
0
0
0
0
0
0
0
0
0
0
0
0
0
0
0
0
0
0
0
0
0
0
0
0.000201401585002249
0.0049027730187991
0.0541372806745264
0.374725405560458
1.77968332312949
6.19980062298438
16.7412735214587
36.6003742887079
67.1397189794286
106.33278357934
148.984013081748
188.161888515734
217.874495956454
233.24382354634
233.24382354634
217.874496167251
188.160807082611
148.984013081748
106.332783579341
67.1397189794285
36.6003742887079
16.7412735214588
6.19980595664348
1.77968332302299
0.374725405613086
0.0541372806744974
0.00490277301879916
0.000201401585002249
0
0
0
0
0
0
0
0
0
0
0
0
0
0
0
0
0
0
0
0
0
0
0
0
0
0
0
0
0
0
0
0
0
0
0
0
0
0
0
0
0
0
0
0
0
0
0
0
0
0
0
0
0.000154774047631617
0.004149020087135
0.0472141761468604
0.334384945639553
1.61747214904956
5.72056007507586
15.6283299360684
34.4863841647575
63.7063009124762
101.453893685201
142.680628760676
180.732906277848
209.478837644907
225.260344684981
225.26034468498
209.478837782454
180.734869486895
142.680628760676
101.453893685202
63.706300912476
34.4863841647575
15.6283299360684
5.72056341785633
1.61747214980938
0.334384945750692
0.047214176146564
0.00414902008713504
0.000154774047631616
0
0
0
0
0
0
0
0
0
0
0
0
0
0
0
0
0
0
0
0
0
0
0
0
0
0
0
0
0
0
0
0
0
0
0
0
0
0
0
0
0
0
0
0
0
0
0
0
0
0
0
0
0.000116673880175094
0.0035097100477137
0.0411732745996856
0.298431229334119
1.47076356053058
5.27691595701547
14.5886582856938
32.4920199825621
60.4564886056202
96.8092292491447
136.704887854654
173.666822750709
201.674855954894
216.914517392262
216.914517392262
201.674855954894
173.666948633513
136.704887854654
96.8092292491448
60.45648860562
32.4920199825621
14.5886582856939
5.27692179299225
1.47076356152257
0.298431229441475
0.0411732745997013
0.00350971004771373
0.000116673880175094
0
0
0
0
0
0
0
0
0
0
0
0
0
0
0
0
0
0
0
0
0
0
0
0
0
0
0
0
0
0
0
0
0
0
0
0
0
0
0
0
0
0
0
0
0
0
0
0
0
0
0
0
8.55508481376452e-05
0.00296778460763612
0.0359146055680067
0.266376252882622
1.33684042660885
4.87213032661718
13.6214984241854
30.6137830803614
57.3825229642621
92.3797407027726
130.952295264679
166.774862680468
194.103108136289
208.728006716739
208.728006716739
194.103108136288
166.775132085856
130.952295264679
92.3797407027727
57.3825229642619
30.6137830803614
13.6214984241855
4.87213467947449
1.33684042814766
0.266376253012811
0.0359146055681667
0.00296778460763615
8.55508481376448e-05
0
0
0
0
0
0
0
0
0
0
0
0
0
0
0
0
0
0
0
0
0
0
0
0
0
0
0
0
0
0
0
0
0
0
0
0
0
0
0
0
0
0
0
0
0
0
0
0
0
0
0
0
6.01354236451632e-05
0.00250913843451443
0.0313185229580537
0.237748442742552
1.21544363246022
4.49398459892223
12.7191789600112
28.8552006543547
54.4598873019894
88.1546065296346
125.516322104009
160.235376191512
187.226167820258
201.137180879032
201.137180879032
187.226167820258
160.235313650487
125.516322104008
88.1546065296345
54.4598873019892
28.8552006543547
12.7191789600112
4.49398459892223
1.21544363527746
0.237748442864218
0.0313185229581101
0.00250913843451445
6.01354236451622e-05
0
0
0
0
0
0
0
0
0
0
0
0
0
0
0
0
0
0
0
0
0
0
0
0
0
0
0
0
0
0
0
0
0
0
0
0
0
0
0
0
0
0
0
0
0
0
0
0
0
0
0
0
3.93914040805587e-05
0.00211957232764323
0.0273173253141227
0.212213516127456
1.10515803321458
4.14777207144873
11.8785323863211
27.1865841683303
51.7036066455562
84.1429460171453
120.233674281937
153.976549144946
179.684430332938
193.724235690848
193.724235690848
179.684430332938
153.976352108846
120.234354026783
84.1429460171453
51.703606645556
27.1865841683303
11.8785323863212
4.14777207144873
1.10515803657245
0.212213516104101
0.0273173253141227
0.00211957232764325
3.93914040804721e-05
0
0
0
0
0
0
0
0
0
0
0
0
0
0
0
0
0
0
0
0
0
0
0
0
0
0
0
0
0
0
0
0
0
0
0
0
0
0
0
0
0
0
0
0
0
0
0
0
0
0
0
0
2.24681955371301e-05
0.00178978885606025
0.0238273392897472
0.189412516049318
1.00504854997778
3.82812012747812
11.0885068528902
25.6347771532696
49.0786559038873
80.321028730916
115.190104809342
147.956344060807
172.99880472557
186.5267156868
186.5267156868
172.99880472557
147.956337077748
115.190104809342
80.3210287309162
49.0786559038871
25.6347771532696
11.0885068528902
3.82812012747812
1.0050485525031
0.189412516035884
0.0238273392897472
0.00178978885606026
2.24681955370803e-05
0
0
0
0
0
0
0
0
0
0
0
0
0
0
0
0
0
0
0
0
0
0
0
0
0
0
0
0
0
0
0
0
0
0
0
0
0
0
0
0
0
0
0
0
0
0
0
0
0
0
0
0
8.6713039401815e-06
0.00151033916673698
0.02078463201284
0.169096124860174
0.91418290262451
3.53483775275463
10.3611154056486
24.1656769759012
46.5981848946071
76.6834760994362
110.404553099495
142.190098458006
166.518875959601
179.544163698413
179.544163698413
166.518875959601
142.190011080404
110.404634240735
76.6834760994363
46.598184894607
24.1656769759012
10.3611154056486
3.53483775275463
0.914182905576046
0.169096124850416
0.02078463201284
0.00151033916673699
8.67130394017443e-06
0
0
0
0
0
0
0
0
0
0
0
0
0
0
0
0
0
0
0
0
0
0
0
0
0
0
0
0
0
0
0
0
0
0
0
0
0
0
0
0
0
0
0
0
0
0
0
0
0
0
0
0
0
0.00127336379501718
0.0181304794392473
0.150965027879007
0.831523934865549
3.26167360717234
9.67893765700549
22.784528811515
44.2457434873151
73.208942404045
105.862756736458
136.758312287921
160.402287489855
173.022791575882
173.022791575882
160.402287489855
136.758284319191
105.862814424666
73.2089424040452
44.2457434873149
22.784528811515
9.67893765700553
3.26167360717234
0.831523935059571
0.150965027868869
0.0181304794392473
0.00127336379501719
0
0
0
0
0
0
0
0
0
0
0
0
0
0
0
0
0
0
0
0
0
0
0
0
0
0
0
0
0
0
0
0
0
0
0
0
0
0
0
0
0
0
0
0
0
0
0
0
0
0
0
0
0
0
0.00107249135185904
0.0158145489502576
0.134737220875018
0.756079371389203
3.01081166978958
9.03899826809803
21.4780666754571
42.0115235275589
69.9013323845939
101.50605424466
131.591390421997
154.285941055512
166.837470261684
166.837470261684
154.285941055512
131.591360963055
101.50605424466
69.901332384594
42.0115235275589
21.4780666754571
9.03899826809807
3.01081166978958
0.756079362696898
0.134737220869273
0.0158145489502576
0.00107249135185906
0
0
0
0
0
0
0
0
0
0
0
0
0
0
0
0
0
0
0
0
0
0
0
0
0
0
0
0
0
0
0
0
0
0
0
0
0
0
0
0
0
0
0
0
0
0
0
0
0
0
0
0
0
0
0.00090226905593891
0.0137943804894245
0.120348446851095
0.68781348127936
2.77804990620244
8.44278366570288
20.2504595560246
39.9187477793716
66.7499368219035
97.3314241692318
126.39769658631
148.697074868521
160.803339394172
160.803339394171
148.697074868521
126.39769658631
97.3314075449551
66.7499368219036
39.9187477793716
20.2504595560246
8.44278366570288
2.77804990620244
0.68781346724485
0.12034844684732
0.0137943804894245
0.00090226905593892
0
0
0
0
0
0
0
0
0
0
0
0
0
0
0
0
0
0
0
0
0
0
0
0
0
0
0
0
0
0
0
0
0
0
0
0
0
0
0
0
0
0
0
0
0
0
0
0
0
0
0
0
0
0
0.00075795228737046
0.0120312534416668
0.107466064984564
0.625709664587834
2.56687708637525
7.88813647575709
19.09605167387
37.9037241189572
63.7329937181045
93.2838506058839
121.475997668319
143.246782911986
155.113588147141
155.113588147141
143.246782911986
121.476051939529
93.2838506058838
63.7329937181047
37.9037241189571
19.09605167387
7.88813647575715
2.56687708637525
0.625709636284914
0.107466064982261
0.0120312534416668
0.000757952287370468
0
0
0
0
0
0
0
0
0
0
0
0
0
0
0
0
0
0
0
0
0
0
0
0
0
0
0
0
0
0
0
0
0
0
0
0
0
0
0
0
0
0
0
0
0
0
0
0
0
0
0
0
0
0
0.000635623134327952
0.0104958330699996
0.0959647183606853
0.569422547207681
2.36935229391008
7.36888073424114
18.0050313473692
35.9993747228386
60.875505141957
89.4647109011956
116.62523513622
138.135680324488
149.62053817908
149.62053817908
138.135680324488
116.625266054266
89.4646754694705
60.875505141957
35.9993747228384
18.0050313473692
7.36888073424119
2.36935229391008
0.569422519994118
0.095964718360608
0.0104958330699996
0.000635623134327959
0
0
0
0
0
0
0
0
0
0
0
0
0
0
0
0
0
0
0
0
0
0
0
0
0
0
0
0
0
0
0
0
0
0
0
0
0
0
0
0
0
0
0
0
0
0
0
0
0
0
0
0
0
0
0.000531921825458201
0.00915367347354334
0.0857100151040214
0.518063576624417
2.18741892456933
6.88579323003985
16.9818456503933
34.1963288544452
58.117250904032
85.6931016664021
112.305512137294
133.054162143668
144.2748216997
144.2748216997
133.054162143668
112.305512137294
85.6931016664021
58.1172509040321
34.196328854445
16.9818456503933
6.88579323003987
2.18741892456932
0.518063529169304
0.085710015103207
0.00915367347354334
0.000531921825458209
0
0
0
0
0
0
0
0
0
0
0
0
0
0
0
0
0
0
0
0
0
0
0
0
0
0
0
0
0
0
0
0
0
0
0
0
0
0
0
0
0
0
0
0
0
0
0
0
0
0
0
0
0
0
0.000444041565139441
0.00797607494116044
0.0765567285048487
0.471110254294823
2.01971064400428
6.4340235492691
16.0162177452815
32.4794373415805
55.5133129532205
82.2560384622604
108.040577384135
128.281044896737
139.172205436804
139.172205436804
128.281044896737
108.040543447878
82.2560384622605
55.5133129532206
32.4794373415803
16.0162177452815
6.43402354926913
2.01971064400428
0.471110174225279
0.0765567285032749
0.00797607494116044
0.00044404156513945
0
0
0
0
0
0
0
0
0
0
0
0
0
0
0
0
0
0
0
0
0
0
0
0
0
0
0
0
0
0
0
0
0
0
0
0
0
0
0
0
0
0
0
0
0
0
0
0
0
0
0
0
0
0
0.000369533318526767
0.00696348235835539
0.0683703283906147
0.428626952117564
1.86585067363767
6.01252778498498
15.1060233411267
30.8601753111
53.0492720675089
78.8872290121722
103.94460448533
123.450745841091
134.081903911219
134.081903911219
123.450745841091
103.94460448533
78.8872290121721
53.049272067509
30.8601753110999
15.1060233411267
6.01252778498502
1.86585067363767
0.428626944949337
0.0683703283904946
0.00696348235835539
0.000369533318526773
0
0
0
0
0
0
0
0
0
0
0
0
0
0
0
0
0
0
0
0
0
0
0
0
0
0
0
0
0
0
0
0
0
0
0
0
0
0
0
0
0
0
0
0
0
0
0
0
0
0
0
0
0
0
0.000306385527843224
0.00607221057178847
0.0610815327877386
0.389997188979715
1.72342576100536
5.61822646547184
14.2482315901787
29.3166863289134
50.69985963881
75.8514040025038
100.020240074633
119.012477595481
129.25341929095
129.25341929095
119.012477595481
100.020240074633
75.8514040025038
50.69985963881
29.3166863289134
14.2482315901787
5.61822646547186
1.72342576100536
0.389997157480172
0.0610815327870572
0.00607221057178847
0.000306385527843228
0
0
0
0
0
0
0
0
0
0
0
0
0
0
0
0
0
0
0
0
0
0
0
0
0
0
0
0
0
0
0
0
0
0
0
0
0
0
0
0
0
0
0
0
0
0
0
0
0
0
0
0
0
0
0.000252869860870217
0.00529517675244498
0.0545468072672504
0.354897825264093
1.59153315179033
5.25084596737205
13.4410786478868
27.8537668056464
48.4183638855437
72.5709089662891
96.2284674779899
114.640865490187
124.657033748906
124.657033748906
114.640865490187
96.2284674779901
72.5709089662891
48.4183638855438
27.8537668056462
13.4410786478868
5.25084596737206
1.59153315179033
0.354897807395994
0.0545468072674552
0.00529517675244498
0.000252869860870221
0
0
0
0
0
0
0
0
0
0
0
0
0
0
0
0
0
0
0
0
0
0
0
0
0
0
0
0
0
0
0
0
0
0
0
0
0
0
0
0
0
0
0
0
0
0
0
0
0
0
0
0
0
0
0.000207518586755452
0.00461139768064043
0.0487160720889977
0.32278849824169
1.46860800178682
4.90737240944301
12.6798180527756
26.4627589369409
46.2681838408225
69.6344979867594
92.4936589888278
110.453369613985
120.312452055395
120.312452055395
110.453369613985
92.4936589888281
69.6344979867594
46.2681838408226
26.4627589369408
12.6798180527756
4.90737240944305
1.46860800178682
0.32278849824169
0.0487160720894659
0.00461139768064043
0.000207518586755457
0
0
0
0
0
0
0
0
0
0
0
0
0
0
0
0
0
0
0
0
0
0
0
0
0
0
0
0
0
0
0
0
0
0
0
0
0
0
0
0
0
0
0
0
0
0
0
0
0
0
0
0
0
0
0.000169087827885757
0.00402521238577338
0.043518102709321
0.293891042931651
1.35721233716326
4.58716910066641
11.9622644504204
25.1610886603943
44.2422198808748
66.814443943857
89.0029567049465
106.402440319387
115.62227783906
115.62227783906
106.402440319387
89.0029567049465
66.814443943857
44.2422198808748
25.1610886603943
11.9622644504204
4.58716910066644
1.35721233716326
0.293891042931651
0.043518102709148
0.00402521238577338
0.00016908782788576
0
0
0
0
0
0
0
0
0
0
0
0
0
0
0
0
0
0
0
0
0
0
0
0
0
0
0
0
0
0
0
0
0
0
0
0
0
0
0
0
0
0
0
0
0
0
0
0
0
0
0
0
0
0
0.000136533641285304
0.003508854818842
0.0388690434209386
0.267465575134226
1.2539754739641
4.28825800982348
11.2857757151607
23.9095028023475
42.2435454281109
64.0941935247517
85.547599299594
102.451575541378
111.852335711015
111.852335711015
102.451575541378
85.5475992995941
64.0941935247517
42.243545428111
23.9095028023474
11.2857757151607
4.2882580098235
1.2539754739641
0.267465575134226
0.0388690434208427
0.003508854818842
0.000136533641285306
0
0
0
0
0
0
0
0
0
0
0
0
0
0
0
0
0
0
0
0
0
0
0
0
0
0
0
0
0
0
0
0
0
0
0
0
0
0
0
0
0
0
0
0
0
0
0
0
0
0
0
0
0
0
0.000108955909173015
0.00305799025760566
0.0347217450465656
0.243441331662426
1.1587047294879
4.0079800400188
10.6485350352688
22.7170916596824
40.3516134716297
61.4739945237001
82.4060914320985
98.7785694477414
108.507209641442
108.507209641442
98.7785694477414
82.4060914320985
61.4739945237001
40.3516134716298
22.7170916596823
10.6485350352688
4.00798004001881
1.1587047294879
0.243441331662426
0.0347217450465578
0.00305799025760566
0.000108955909173017
0
0
0
0
0
0
0
0
0
0
0
0
0
0
0
0
0
0
0
0
0
0
0
0
0
0
0
0
0
0
0
0
0
0
0
0
0
0
0
0
0
0
0
0
0
0
0
0
0
0
0
0
0
0
8.56002235503171e-05
0.00266475426876346
0.0310162465179229
0.221479035798063
1.07016116781878
3.74659275692611
10.0472841341598
21.5899550081132
38.5719499305151
58.980802875071
79.2107122744935
95.2490837222962
104.175215479282
104.175215479282
95.2490837222962
79.2107122744937
58.980802875071
38.5719499305152
21.5899550081132
10.0472841341598
3.74659275692612
1.07016116781878
0.221479035798063
0.0310162465179226
0.00266475426876346
8.56002235503179e-05
0
0
0
0
0
0
0
0
0
0
0
0
0
0
0
0
0
0
0
0
0
0
0
0
0
0
0
0
0
0
0
0
0
0
0
0
0
0
0
0
0
0
0
0
0
0
0
0
0
0
0
0
0
0
6.58251214988614e-05
0.00232564430363146
0.027708785388182
0.201671266911601
0.98868722032088
3.50296879715678
9.48168837420033
20.5397889609593
36.8575183191112
56.5917796179739
76.3211344525661
91.8509358434918
100.469148578314
100.469148578314
91.8509358434917
76.3211344525663
56.5917796179739
36.8575183191113
20.5397889609592
9.48168837420033
3.50296879715679
0.98868722032088
0.201671266911601
0.0277087853881818
0.00232564430363146
6.58251214988615e-05
0
0
0
0
0
0
0
0
0
0
0
0
0
0
0
0
0
0
0
0
0
0
0
0
0
0
0
0
0
0
0
0
0
0
0
0
0
0
0
0
0
0
0
0
0
0
0
0
0
0
0
0
0
0
4.90869362191919e-05
0.00202193542516742
0.024755136584148
0.18355109703667
0.913587051421257
3.27483282214286
8.94841726052896
19.5078784914458
35.2293522908664
54.3827793100899
73.4503823038766
88.2553538965799
96.9924020849306
96.9924020849306
88.2553538965799
73.4503823038767
54.3827793100898
35.2293522908665
19.5078784914457
8.94841726052896
3.27483282214287
0.913587051421257
0.18355109703667
0.0247551365841477
0.00202193542516742
4.90869362191926e-05
0
0
0
0
0
0
0
0
0
0
0
0
0
0
0
0
0
0
0
0
0
0
0
0
0
0
0
0
0
0
0
0
0
0
0
0
0
0
0
0
0
0
0
0
0
0
0
0
0
0
0
0
0
0
3.49242851011948e-05
0.00176071879923972
0.0221133619334642
0.16709749631057
0.844056183264515
3.06215234461387
8.44436420667284
18.5438500221269
33.6562484443572
52.1351137966434
70.7024543975242
85.4019696667512
93.6549760358123
93.6549760358124
85.4019696667513
70.7024543975244
52.1351137966434
33.6562484443572
18.5438500221268
8.44436420667283
3.06215234461389
0.844056183264515
0.16709749631057
0.022113361933464
0.00176071879923973
3.49242851011052e-05
0
0
0
0
0
0
0
0
0
0
0
0
0
0
0
0
0
0
0
0
0
0
0
0
0
0
0
0
0
0
0
0
0
0
0
0
0
0
0
0
0
0
0
0
0
0
0
0
0
0
0
0
0
0
2.29460784377918e-05
0.00153200043322259
0.0197586678638667
0.152107683097796
0.77983432252809
2.86326795819163
7.96986310861428
17.6297797002106
32.1807747569523
50.0418633425724
68.0497696625233
82.3982922515547
90.4252829360925
90.4252829360925
82.3982922515547
68.0497696625233
50.0418633425724
32.1807747569524
17.6297797002105
7.96986310861428
2.86326795819164
0.77983432252809
0.152107683097796
0.0197586678638665
0.00153200043322259
2.29460784377312e-05
0
0
0
0
0
0
0
0
0
0
0
0
0
0
0
0
0
0
0
0
0
0
0
0
0
0
0
0
0
0
0
0
0
0
0
0
0
0
0
0
0
0
0
0
0
0
0
0
0
0
0
0
0
0
1.28204969419173e-05
0.00133275938723112
0.017650034029641
0.13847476160741
0.720547581402829
2.67738565325858
7.52266701066101
16.7632996917725
30.771899552078
48.0453551273222
65.5017174033996
79.4602287787646
87.2011856335558
87.2011856335559
79.4602287787646
65.5017174033997
48.0453551273222
30.771899552078
16.7632996917724
7.52266701066101
2.67738565325859
0.720547581402829
0.13847476160741
0.0176500340296408
0.00133275938723112
1.28204969419012e-05
0
0
0
0
0
0
0
0
0
0
0
0
0
0
0
0
0
0
0
0
0
0
0
0
0
0
0
0
0
0
0
0
0
0
0
0
0
0
0
0
0
0
0
0
0
0
0
0
0
0
0
0
0
0
4.26615480255855e-06
0.00115888000100263
0.0157731651843098
0.126065369192457
0.66595547737769
2.50378988877144
7.10059632265776
15.9362635153412
29.4212514153292
46.1619111812417
63.061226010399
76.6963225987598
84.1392085028979
84.1392085028979
76.6963225987599
63.061226010399
46.1619111812417
29.4212514153293
15.9362635153412
7.10059632265775
2.50378988877145
0.66595547737769
0.126065369192457
0.0157731651843097
0.00115888000100263
4.26615480255562e-06
0
0
0
0
0
0
0
0
0
0
0
0
0
0
0
0
0
0
0
0
0
0
0
0
0
0
0
0
0
0
0
0
0
0
0
0
0
0
0
0
0
0
0
0
0
0
0
0
0
0
0
0
0
0
0
0.00100702876022107
0.0140901027659957
0.114769850463878
0.615446700306816
2.34131350553531
6.70268790124757
15.1527039469355
28.1240287968821
44.2840714740302
60.7176749100064
73.9764027819754
81.1979616843813
81.1979616843812
73.9764027819754
60.7176749100064
44.2840714740302
28.1240287968822
15.1527039469355
6.70268790124757
2.34131350553531
0.615446700306816
0.114769850463878
0.0140901027659956
0.00100702876022107
0
0
0
0
0
0
0
0
0
0
0
0
0
0
0
0
0
0
0
0
0
0
0
0
0
0
0
0
0
0
0
0
0
0
0
0
0
0
0
0
0
0
0
0
0
0
0
0
0
0
0
0
0
0
0
0
0.000874556739029969
0.0125888842524194
0.104506330317377
0.568729435307116
2.18961067246318
6.32720654157724
14.4148872530862
26.8903929316097
42.5310277408901
58.6193093508069
71.3134745119169
78.4186114901773
78.4186114901772
71.3134745119169
58.6193093508069
42.5310277408901
26.8903929316097
14.4148872530862
6.32720654157724
2.18961067246318
0.568729435307115
0.104506330317377
0.0125888842524193
0.000874556739029969
0
0
0
0
0
0
0
0
0
0
0
0
0
0
0
0
0
0
0
0
0
0
0
0
0
0
0
0
0
0
0
0
0
0
0
0
0
0
0
0
0
0
0
0
0
0
0
0
0
0
0
0
0
0
0
0
0.000758826908874812
0.0112482652876474
0.0951622566844566
0.525626290251531
2.04778619138684
5.97306116922576
13.7064929198223
25.7163083234478
40.8296367737104
56.3091897938216
68.8056410000289
75.7661543822034
75.7661543822033
68.8056410000289
56.3091897938217
40.8296367737104
25.7163083234478
13.7064929198223
5.97306116922576
2.04778619138685
0.525626290251531
0.0951622566844567
0.0112482652876473
0.000758826908874812
0
0
0
0
0
0
0
0
0
0
0
0
0
0
0
0
0
0
0
0
0
0
0
0
0
0
0
0
0
0
0
0
0
0
0
0
0
0
0
0
0
0
0
0
0
0
0
0
0
0
0
0
0
0
0
0
0.000657831887919475
0.0100496422531549
0.0866327901341077
0.485849014163511
1.91529806181707
5.63979991375552
13.0330599089231
24.5901421296563
39.2112848335597
54.2247544920151
66.3690971796796
73.1461651469961
73.1461651469961
66.3690971796796
54.2247544920151
39.2112848335597
24.5901421296564
13.0330599089231
5.63979991375552
1.91529806181708
0.485849014163511
0.0866327901341077
0.0100496422531548
0.000657831887919475
0
0
0
0
0
0
0
0
0
0
0
0
0
0
0
0
0
0
0
0
0
0
0
0
0
0
0
0
0
0
0
0
0
0
0
0
0
0
0
0
0
0
0
0
0
0
0
0
0
0
0
0
0
0
0
0
0.000569681810239113
0.00897756285072045
0.0788971391348785
0.449089343385177
1.79142888867636
5.32413349630153
12.3966657514063
23.5187457369353
37.6515321677197
52.2094884911622
64.0451194702978
70.6365260196854
70.6365260196855
64.0451194702978
52.2094884911622
37.6515321677197
23.5187457369354
12.3966657514062
5.32413349630153
1.79142888867637
0.449089343385177
0.0788971391348784
0.00897756285072039
0.000569681810239113
0
0
0
0
0
0
0
0
0
0
0
0
0
0
0
0
0
0
0
0
0
0
0
0
0
0
0
0
0
0
0
0
0
0
0
0
0
0
0
0
0
0
0
0
0
0
0
0
0
0
0
0
0
0
0
0
0.000492738529656603
0.00802178608516976
0.0718408251105912
0.41513059229687
1.6756979058661
5.02809756125235
11.7881589990251
22.4832891174051
36.1544516700322
50.2802520198311
61.7782767620106
68.1858098532843
68.1858098532843
61.7782767620106
50.2802520198311
36.1544516700322
22.4832891174052
11.788158999025
5.02809756125235
1.6756979058661
0.415130592296869
0.0718408251105912
0.00802178608516965
0.000492738529656603
0
0
0
0
0
0
0
0
0
0
0
0
0
0
0
0
0
0
0
0
0
0
0
0
0
0
0
0
0
0
0
0
0
0
0
0
0
0
0
0
0
0
0
0
0
0
0
0
0
0
0
0
0
0
0
0
0.000425582456325028
