64.59792876762312   0.0005189367435553254
65.1295225599734   0.00048410658365649053
65.95761403463352   0.00045309684646534107
66.54839672998226   0.00042128827391876063
67.61435015127155   0.00040486086602399725
68.6836225764673   0.0004382482418557203
69.39720841635479   0.0004744050641301893
70.2264062256504   0.0004619858618039781
70.81718892099913   0.00042955325735015215
71.64528039565924   0.0004020379661524551
72.23606309100796   0.00037381385929185286
72.94577675967125   0.0003521939729208732
73.94247363277924   0.00036207716744965303
74.72734430101309   0.00039402571442952514
75.44056136268875   0.00042093069168092285
75.97602732626325   0.00045116954170099517
76.86717987514598   0.0004835642675635733
77.46201913082484   0.0005200159918895618
78.29269205296774   0.0005339105374089116
79.1799724306263   0.0004980584444899467
79.8896860992896   0.00046925275227623856
80.59939976795292   0.00044211306515307884
81.30911343661617   0.0004165430281035097
81.84153697994307   0.00040032104813997354
83.61748065355457   0.0003660738475528243
84.68361846394978   0.0003541332339326241
85.57182078713788   0.0003414571931623264
86.8158940847402   0.0003314077410875242
87.52726725535672   0.0003313852288414469
88.06259492710177   0.00035343427307628486
88.83578454547597   0.0003870441917593147
89.48962831504733   0.0004121101057274929
90.20459707322914   0.0004687907630084845
90.73932548037996   0.0004893527279479563
91.4500532891258   0.00047812568630955604
93.04760050276539   0.00042864234397918186
93.757729046917   0.0004099044056039762
95.35901013995132   0.0004201308084576103
96.42597770132318   0.000418701483753427
97.13633673185717   0.000403721107632785
98.20146040216986   0.0003766048391210578
99.4438741978189   0.0003444040909680756
100.14384322247165   0.0003521924202016888
100.20116480654465   0.0027508577994725717
64.6278291297505   0.002780058070406295
64.58149251823504   0.0005277623087902892
