7.395123471091544   0.00013805466192984316
10.313130624647258   0.00011324922120211258
13.499858396245585   0.00006742865499370185
16.58890603898591   0.00008489108120123558
19.19607580205806   0.00008129967237032886
22.40527599593966   0.00010835989890600833
25.781071747014636   0.00009648866059641768
28.540270327912935   0.00010599407445754216
29.518961604828405   0.00010810746415912199
30.58676813663213   0.00011103022417322932
31.654740618631195   0.00011471260723043394
32.72254715043492   0.00011781394185274673
33.79051963243397   0.0001217213109192468
34.85832616423771   0.00012501213068998783
35.92629864623676   0.0001291582319468818
36.994105178040485   0.0001326501140177768
38.06207766003955   0.00013704953350947483
39.129884191843274   0.00014075476237234027
40.19790277111882   0.00014566356011253516
41.26570008346725   0.0001495522250353651
42.33368178492161   0.0001545633031811895
43.490170257214714   0.0001573820580239801
44.46913811778904   0.00016212001791096492
45.536889332860994   0.00016617309680053193
46.604871034315366   0.00017174109402427211
47.672576152110835   0.00017574395968522974
48.74065004811814   0.00018223412062587943
49.80826297136066   0.00018586606352361616
50.87592199187968   0.0001898840101411549
51.85461326879512   0.00019367006057445271
53.01165490840599   0.000201152751273859
54.079360026201456   0.0002058411308678977
55.147341727655814   0.00021273829332843603
56.21456743377591   0.00021398622395519818
57.28265976869382   0.00022203541908658833
58.35036488648929   0.00022721052269022803
59.41843878249661   0.00023560132520947165
60.48557229406374   0.00023620119841146568
61.55366462898165   0.0002450860205329128
62.62136974677712   0.0002507983773869648
63.68944364278444   0.00026006027085864107
64.75677998236809   0.0002626256175700947
65.82457729471653   0.0002696367260868193
66.96305095136184   0.0002722946893405017
67.88849987394461   0.00027882930043303037
69.02750825899705   0.0002870291723800078
70.0058999036154   0.00028962354068384484
71.16301068914099   0.0003015603089339763
72.23090019604237   0.0003106360926009569
73.36928165813472   0.0003126628369248354
74.72181262783567   0.0003231305165524752
75.78947164835469   0.00033011576787481036
76.85731505797958   0.00033948931946384557
76.50042994348291   0.00032521889676874553
78.01375743299621   0.00034510961326007154
78.99231041808224   0.0003502494691222304
80.06024602226012   0.00036138748534642994
81.12781284822614   0.00036798119590654454
82.19584064695698   0.0003809403937938805
83.26326918109362   0.0003859720699766183
84.33069771523023   0.0003910702073843144
85.30961947852805   0.00040217795952256056
86.466071073   0.0004089712560903213
87.44470703318368   0.0004162990433540336
88.6904398327392   0.00042882073066945317
89.66894672054872   0.0004344885268371385
90.82566567922424   0.0004460839356839365
91.87549427320135   0.0004549752025040661
93.2281174374553   0.00047176445313208985
94.36673860538531   0.00047894162407188356
95.27416810259263   0.0004863191014048229
96.43086401262988   0.0004988852394777471
97.40939394907767   0.0005058970409715608
98.565905470009   0.0005155489574179696
99.45618217063867   0.0005354814921614178

