10.309535037081943   0.00009954969652607356
10.48544224412396   0.00009287124300702834
10.483921034000161   0.0000879409081001735
10.482399823876378   0.00008327231408863447
12.088797714599849   0.00010253878647086516
12.798603577816095   0.00009692827202790739
13.865294555529047   0.00009564518490479822
14.578880395416547   0.00010353620561344506
15.408262593818066   0.00010149465382290811
15.998860900060876   0.00009374755401583457
18.131044326298337   0.00008744200997696964
19.02012249773955   0.0000870020707282655
20.79744908964537   0.00008360389586688743
21.33277676139042   0.00008916656383678581
22.407119886998814   0.00011576682465604026
23.296382447545938   0.0001159484992188808
24.006372699868095   0.00011033136262713069
25.068039074444897   0.00009092049740294215
26.312849928470854   0.00009060963845638296
27.02348554266372   0.00008823861509319181
27.199807625194055   0.00008355279747867018
27.732092876691524   0.00007990167540234074
28.683079690443392   0.00008735394341789502
28.444019214625783   0.00008149689124574515
29.040886750469667   0.00009425201063704973
29.876538178472288   0.00011568427990300018
31.29707185043435   0.00010684561592608872
32.364223800912086   0.00010718850904449489
33.25353245873569   0.00010753432881427436
34.49940355012065   0.00011131947593389995
35.30108128535859   0.0001169700325176616
35.922841350500875   0.0001140986411849023
36.27631526653818   0.00010539186387017758
36.6303423498932   0.00009929979614585967
37.52004283456688   0.00010102975638196731
38.41361549046475   0.00011810080769628703
38.05530136039721   0.00010748503161287392
39.008777427078925   0.00012848149560918784
39.84359910410491   0.0001530743129635175
39.484685709443156   0.0001363530611428945
40.55534105293327   0.00015510147311368564
41.08610509430693   0.00014044959810668596
41.44027046949141   0.0001329889133310675
41.794435844675874   0.00012592454024356697
42.14735659339543   0.00011403084107634285
41.96868354976469   0.00011068982852369157
43.03353063641849   0.00010223622972253093
43.7479462272826   0.00011401341327559702
43.92717243823108   0.00011980783480351105
44.34545912499718   0.0001349447409905976
44.7038193523412   0.00014851787667391041
45.53522983090778   0.00015657295077359866
46.126196915362414   0.00014654689496995131
46.242730830300104   0.00013626509424050318
46.41891462100101   0.00012839061177687952
46.595374995360785   0.00012217694038778667
46.9485723277392   0.00011173996432564394
47.302115389691224   0.00010346941019853586
48.251650139234016   0.00010738042606859346
48.01314283073414   0.00010218762588715813
48.55026829626186   0.00011624424640008254
49.97398268030095   0.0001203339340250886
50.328148055485414   0.00011394179362971842
50.68231343066989   0.00010788920382882637
51.21411466076434   0.00010139932221960137
52.1034002699497   0.00010164242234577817
52.46060806538175   0.00010733727556378976
52.87751183385349   0.00011504948124090946
53.23596425575046   0.00012704079674080636
53.71426959649159   0.0001469256791313308
54.07170787830603   0.00015644536803777485
53.71159595445583   0.0001334935210317179
54.42960713288525   0.00016935834236306548
55.31716409420268   0.0001595606288890517
55.49362446856246   0.00015183843408966447
56.02411192627726   0.0001361378742271949
56.02245242432403   0.00012827292197234119
56.376341215849635   0.00012026038637503275
56.7305065910341   0.0001138721528319459
57.262192577937356   0.00010658102058298977
58.328975750203256   0.00010551842293561943
58.864072935565915   0.00011161289310212493
59.221419022827405   0.00011845232554092374
59.578765110088895   0.0001257108657976883
59.76462932885029   0.00016760153730460678
59.76158690860271   0.0001502786805072803
59.75992740664948   0.00014159678611292792
59.758267904696254   0.00013341646180170514
59.876129454905694   0.002781319824827257
10.432767973412382   0.0027944829204492017
10.33989502360771   0.00009999080266514154
