10.359409392341274      0.01
10.359409392341274      0.0003471117112586083
11.029528479141968      0.0003901023392413816
11.803627622658109      0.00042944759172303283
13.094414865987442      0.0003921994028076934
14.789699148317256      0.00040330386194116263
16.120394978808143      0.0003768197696383035
17.334117433132764      0.0003458435687200882
20.0521431779277      0.00035485373748124624
21.681988305444904      0.0003771695880701199
21.80123098674346      0.00042434208670743856
23.138825814057338      0.0004898294298970782
24.453800578532018      0.0005052168174866725
24.831584011007664      0.0004519800569683943
26.287490253725206      0.00041226713196487036
28.16891994327678      0.00037857211233257465
29.173360164102906      0.00044136997582202756
30.48043581944935      0.0005078660525239933
30.82644457573254      0.0005469318927027691
35.52666483707105      0.0005627479569064014
35.713364624486296      0.0005457658747674211
36.913552085406934      0.000628689720414469
37.9508407642805      0.0005297002432994872
40.66987473722665      0.0007651088309730349
41.203314068745186      0.0006758568926944057
41.342619666490265      0.0008365687235513041
41.51665478525616      0.0005973733813935577
46.02996829156288      0.0008722090158255005
46.232662410774424      0.0007729676408107788
46.40773494839032      0.0006880058190973511
46.66647641698376      0.0005993263331371084
49.10441917433504      0.0005904453891136545
51.74140096813698      0.0006713565581954136
52.16549066420123      0.000780248187464057
55.46003094295979      0.0009217514730836809
56.029543279554304      0.001034578438462485
57.71986702936881      0.0007129627498465889
58.38313892478467      0.0008330184045206245
60.85297283964821      0.0010179665939147977
61.18846388167492      0.0011516775279562209
61.52548276727582      0.0013001335177621044
61.52548276727582      0.01
