10.384959505289554      0.01
10.384959505289554      0.00003455229825845975
11.012083847207483      0.00003796738819459649
11.737104145015662      0.00004137422080007191
13.08405099755861      0.000038737517930432875
14.81679980561553      0.000039330028038764694
15.89810163821263      0.00003762136746101817
16.67960030898284      0.000034645694205083966
18.73406746258828      0.0000350218093464196
20.806968275455073      0.00003503362850766351
21.551490248304393      0.000039354365475328694
22.347217808882238      0.000044924766551316765
23.164114989074303      0.00004873202058501665
24.56718885495861      0.000046278730387819656
25.058658632778894      0.000041743823892280154
27.931728746130695      0.000036009206961850856
28.128198597641592      0.000038982840815769834
29.142132953803348      0.00004475833042720527
30.523066976262687      0.0000494631092216092
30.652169711480425      0.000052308927396040036
34.93120935909717      0.00005295602787538725
35.898277621497364      0.00005814554087740178
37.81575032004929      0.000052395288671548066
39.956223978615874      0.000058191805587481027
40.271238522952224      0.00006479353108627836
40.51438074717432      0.00007161524387017923
41.1832234969969      0.00007768517273266476
45.04791592023895      0.000060574000127786094
45.493514933867985      0.00006913852702824518
45.667652840521036      0.00007574743210287177
45.680215185035095      0.0000848829109123251
50.170255110982026      0.00006665199898403048
50.53248388649899      0.000060488411229710435
51.42775228567509      0.00007217481631818899
53.627418367306724      0.00006090680253616091
55.40292995563138      0.00008668866776894998
55.710752104458805      0.00009746445186547497
55.80890033833924      0.00007758911866942007
57.27456510737303      0.00007007137687773032
59.53850982689546      0.00007695178630898151
59.99780097502589      0.0000855607228434895
60.5088775642624      0.00009731383738992766
60.526972081981      0.00011013697907485873
61.17849889823608      0.0001250591900740667
61.50967234137241      0.00013578355953523113
61.50967234137241      0.01
