0.043628605838908444   0.0011546417514441618
0.047370543847258105   0.0010454583965839068
0.04868786333174234   0.0009655935433379589
0.05286372370690712   0.0008918297408892867
0.057397739250107424   0.0008237009166249927
0.06318121817063124   0.0007683714110402915
0.06318121817063124   0.0007275182987415062
0.06954744876153694   0.0006820286127451013
0.07551239393685259   0.0006237005723542373
0.08426895714763807   0.0005994044207384937
0.09149653656741229   0.000560995795960467
0.09934401097624662   0.0005427245150513475
0.12203496454173435   0.0005481425167509496
0.13433138342887146   0.0005934797313172836
0.14585271673075775   0.000640442695271406
0.1627660797819372   0.0006980213590119915
0.2083411275300323   0.0007026592138379533
0.26667734136398447   0.0007026592138379533
0.3413478905489346   0.0007026592138379533
0.4369264437175157   0.0007026592138379533
0.5592673120452973   0.0007026592138379533
0.7158640334540894   0.0007026592138379533
0.9163083615937335   0.0007026592138379533
1.1728777732768156   0.0007026592138379533
1.5012874799637639   0.0007026592138379533
1.921653004983674   0.0007026592138379533
2.459722285602427   0.0007026592138379533
3.148452767798538   0.0007026592138379533
4.03003009286086   0.0007026592138379533
5.158452022998029   0.0007026592138379533
6.602835874776985   0.0007026592138379533
8.451652045007016   0.0007026592138379533
10.818142938057486   0.0007026592138379533
13.847259210982568   0.0007026592138379533
16.326880941375315   0.000703642438371104
16.819243248808725   0.0028093000753665527
0.032819278725114774   0.0028498936944351644
