5.653041702242469   0.000030977306641050976
6.54066780947462   0.00002925766293512358
8.850417944707331   0.00002701998563747441
9.915956490508336   0.000025582945645952033
12.760342838338914   0.000024581207962028173
13.826941621498918   0.00002417575718794989
14.538499181221368   0.00002433448367455969
16.849908818407314   0.000023851274712345783
18.09481186698622   0.00002384843944015111
18.806185037602745   0.00002384681943593674
21.592581854352375   0.0000239062703322927
23.074700644960743   0.000024074694195541193
25.565520882201085   0.000024960372535456732
26.632857221784732   0.00002520659241898249
27.34432258695422   0.000025288345321103647
29.835419407853436   0.000026480002787202056
30.90312452564892   0.000027097187011287483
33.74981573730345   0.00002827947184245377
35.17339182951309   0.00002912958371047956
37.664857428624146   0.00003090829135033573
38.73293132463145   0.00003204972338375215
41.5799913144978   0.0000338933484944599
43.00379789308984   0.00003520196464232754
45.4950330058185   0.00003704402599671509
46.562645929061034   0.00003778231686485908
47.27438787788938   0.00003828266735245336
49.76566908789451   0.000040352584525340744
50.833282011137044   0.00004115681527131076
53.68061858466227   0.00004395813744461258
54.7484158970107   0.00004513165309273858
57.59593685964184   0.00004852329847868381
58.66336539377845   0.000049164221649974334
61.510886356409586   0.00005285891471096378
62.578314890546196   0.000053557105153693244
63.28996464482158   0.00005408725262720318
65.42574365862437   0.00005739187219917864
66.49344877641987   0.00005872953663965129
69.34078534994508   0.00006272693906575895
70.40830607863465   0.00006376593389346939
71.120048027463   0.00006461038491614283
73.25573484671281   0.00006833166800507894
74.32316338084942   0.00006923423132477231
75.0350897187837   0.00007061647446497018
77.52627873423586   0.0000741889836030748
78.59398385203136   0.00007591814770659507
81.44113603645064   0.00008055111779757151
82.5089333487991   0.0000827015273168237
86.42351406735503   0.00008890749024465528
87.13507162707745   0.00008949121440477626
89.62644503163554   0.00009464231269107685
90.69405795487808   0.00009652854274625642
93.54121013929739   0.00010241927987537225
94.60873086798694   0.00010411572965649064
97.45588305240628   0.0001104694813755517
98.52340378109582   0.0001122992728730888
99.23505353537121   0.00011341089336900289
