7.650420701551511   0.0001356574087004653
9.603595165662085   0.00012135501267276376
10.666988410220526   0.0001063931489146225
11.445647239171976   0.00009266122666310255
12.023081700974146   0.00008166787147196152
12.891885969736322   0.0000720944457008491
13.997956976749506   0.00006797304300860636
15.460380372479122   0.00007875128572971598
17.595934586930895   0.00008289192933652186
19.704870845994677   0.00008354040712943225
20.97823906114614   0.00009321428008120146
22.200931746782118   0.00010452049826388655
24.359575489977416   0.00010124578639057776
26.849434314964654   0.00010141328439771672
28.896158841086773   0.00010709895259301557
31.298985776314595   0.00011479860493623328
33.434770477762555   0.00012183740945964197
35.5705551792105   0.00012930779387155408
37.70633988065846   0.0001372362202223853
40.12678524187466   0.00014622974762549848
41.977577382279875   0.0001527523958904684
43.935573634350646   0.00016244021098271155
46.07135833579861   0.00017240013072636755
48.20683572125165   0.00018096546466143693
50.34237456990368   0.00019037547531095737
52.8340465592609   0.00020350069835500508
54.79128988714412   0.00021064244090617296
57.21175368732001   0.0002245949655681685
59.06236143812829   0.00023306698427639732
61.482640848707234   0.000246867167714039
63.24413771705049   0.00025444898596394753
65.64689550617945   0.0002720666293181961
68.84974280516512   0.0002887482242049737
71.87520731188688   0.000311560412063242
75.43383433818359   0.00033175852829101546
78.04340810898928   0.0003463277090572332
80.94920376729185   0.000359154095941222
83.0265369665073   0.000392687333151398
86.34794677633049   0.0004167647109070475
88.24623767690953   0.00043650765373398127
90.85535047372282   0.0004482064537372133
93.70361657777762   0.0004949388165087417
96.075659669795   0.0005092126996606124
97.85524054785891   0.0005305213943586156
