64.4214580576623   0.0005448139975547568
64.5977777699751   0.0005158383860989959
65.12950705164737   0.00048355986103054677
65.95759565076813   0.00045253847913861414
66.54837518435137   0.000420721402375417
67.61432687795642   0.00040429105087737846
68.68360274524214   0.00043768545619221497
69.397192028695   0.00047385435605874445
70.22638868570932   0.00046143050392802266
70.81716821929257   0.00042898824665897465
71.64525681841333   0.00040146774857958924
72.23603635199659   0.0003732413528953632
72.94533191111192   0.000346421562536086
73.9424455080795   0.00036150467276699653
74.72731984935139   0.00039345452357539414
75.4405397801731   0.00042036374529414626
75.97600875723613   0.0004506105575313755
76.86716431813203   0.0004830173140994372
77.46200673065833   0.0005194866114957983
78.2926807981974   0.0005333889195173671
79.17995815646582   0.0004975179830149455
79.88966923729122   0.0004687000528967265
80.59938031811662   0.0004415513550970374
81.30909139894202   0.000415975202014729
82.19646109536826   0.0003892873109357724
83.26232045081552   0.0003728479483734778
84.32827214442055   0.00035828718960886327
85.39431617618341   0.0003454369704136038
86.46026786978844   0.00033194668726597217
87.52668125418246   0.0003243081973173826
88.12143132855097   0.0003476414669001848
88.83566697910841   0.0003851948090065014
88.59678816488834   0.00036171625846228303
89.49029834880808   0.0004218894788448113
89.31093147728801   0.0003994651245164882
89.90706662402347   0.0004500105653959721
90.38242346036084   0.0004682299250286619
91.80489278121892   0.00046353873503870616
92.87001343140379   0.0004323579388909926
93.93559577237765   0.000410006657778516
95.00311721466524   0.0004168085808196147
96.07054631879502   0.0004223226562131438
96.95874705864144   0.00040718268632076657
97.66873515394023   0.0003874267124818708
98.55628952668205   0.00036497943429138083
99.62187186765591   0.0003461113687319877
100.20142480309606   0.0027750315519735965
64.62788954708759   0.0027844892046590035
64.45445671047052   0.0005543935423403076
