9.980911660202594   0.00026258494881484755
10.334659142721748   0.0002449383476541392
10.243798395449787   0.0002284873739062098
10.331611983514449   0.00021958484219034968
11.284357095660752   0.0002556887111421554
11.045478281440694   0.00024010386890707818
12.114938825042017   0.0002616635152244814
12.824118961460087   0.0002418582001466044
13.979338569115086   0.0002353147737296872
14.959046423338009   0.00024891713000854747
15.669680885741371   0.00024239359143140681
15.845862090817462   0.00022836498464854583
16.377545203410847   0.0002137209493480839
16.732446912902432   0.0002077826164944777
17.800014524268917   0.00021157968172584853
18.867443628398718   0.00021437872754798826
19.933487660161546   0.0002066898854132757
20.88253924599597   0.0002108181045679754
21.240441945615956   0.00022824719028742834
21.598344645235954   0.00024711720077773313
21.896966247550466   0.00026754877937288095
22.31387303000254   0.00028680321054429145
23.1451011264884   0.0003003874031736961
23.97328206376696   0.0002820492818329033
24.386356812670456   0.00026352905041342976
24.917901418027142   0.00024540819341696324
25.272803127518728   0.00023858941621258823
26.33990904809623   0.00023896035713699728
27.227832773469245   0.0002281165226322096
27.226447701102302   0.00021706337383030087
28.115202469895493   0.00021348115763969954
28.710044882421798   0.00022959964366332683
29.069609668882123   0.000263847496557191
29.00848180842071   0.0002469421255387508
29.368600623827817   0.0002894709774511359
30.26012553735491   0.00031442597414154983
30.96937492739133   0.00029134969645027575
32.036250002574334   0.00028939713131671574
33.10386378301972   0.0002951739159666631
34.1714775634651   0.0003010660135802879
34.76595062336021   0.0003195371379737786
35.241584474171006   0.0003357931525728341
35.59588598563691   0.0003195117751404849
36.1273382528358   0.0002965578445141845
36.65885977365302   0.00027593734065242405
37.60738041508013   0.000276140800875458
38.08458401457344   0.00030699216696653605
38.082921927733096   0.00028922981648283664
39.036405745141764   0.0003458249808693766
38.797619269079505   0.000325823180422967
39.5132399920039   0.0003794032303517679
39.69265303260288   0.00040136533126097627
40.58260819744741   0.0004121041848479956
41.17329539287287   0.0003818634608528721
41.88005165264879   0.00032357719844100486
42.23361445885233   0.0002998394961890396
43.06207241060426   0.00028434536932590864
43.41932874311968   0.00030079984308785173
44.37299723684394   0.00036204864860577105
44.134026084466086   0.00033885704709641935
44.73256202330428   0.00041605303929225917
44.493590870926425   0.00038940210072038983
45.56406713426351   0.00044010919834590074
46.15493900600457   0.000410523053766956
46.38910857417697   0.00036924216463044723
46.62494022918973   0.00035250822775316195
46.80125994150252   0.0003337602853578161
47.686570497009896   0.00029011472790748907
48.57900032448339   0.00032551851131463566
48.398940916779836   0.00030065661799791614
48.93634899515659   0.000345497690768854
50.002854717708416   0.0003386668974760408
50.35687921470094   0.0003190610151973939
50.710903711693476   0.00030059014381821455
51.24277150060243   0.0002831837592273189
51.95414466826817   0.0002831644928331369
52.90596639883651   0.00031898323753511544
52.66745693724765   0.00030353412038776345
53.20458800115101   0.00034535667923695537
53.62278751781224   0.0003877761327431396
53.38409337990778   0.00036655969042733675
53.92150145828455   0.00042122979834912077
54.45715511166317   0.00045453907305295296
55.28589007788851   0.0004353540422232675
55.69827229060856   0.000396790241950541
57.28930491852451   0.00028161784023647313
58.355949148313016   0.00027742448154482736
59.0689844028191   0.0002944418022039682
59.60459188711883   0.00031719957489224427
59.78866800468654   0.00039663504229519686
59.7842357731123   0.00033835021852906893
59.74756553907541   0.00276587779064524
10.047355632666452   0.0027790565099263176
9.981943247921606   0.0002662002788947266
