6  0.1
6  0.000122467
7  0.000116366
8  8.49663e-05
9  0.000103857
10  0.000109311
11  7.30146e-05
12  5.86715e-05
13  5.59941e-05
14  5.32237e-05
15  6.09981e-05
16  7.49626e-05
17  6.21687e-05
18  5.86111e-05
19  5.93107e-05
20  5.65941e-05
21  6.1221e-05
22  6.36025e-05
23  6.66919e-05
24  7.76111e-05
25  7.22495e-05
26  7.55724e-05
27  7.84017e-05
28  7.12818e-05
29  7.35715e-05
30  7.62527e-05
31  6.67633e-05
32  6.90057e-05
33  7.0691e-05
34  7.2809e-05
35  7.53627e-05
36  7.74836e-05
37  8.00609e-05
38  8.16409e-05
39  8.3848e-05
40  8.613e-05
41  8.80416e-05
42  9.07273e-05
43  9.2885e-05
44  9.58423e-05
45  9.7718e-05
46  0.000100639
47  0.000102324
48  0.000105275
49  0.000107988
50  0.00011054
51  0.000113751
52  0.00011715
53  0.000119107
54  0.000122068
55  0.000124916
56  0.00012778
57  0.000131584
58  0.000134506
59  0.000137329
60  0.000141757
65  0.000159553
70  0.000169982
75  0.0001916
80  0.000215404
85  0.000242497
90  0.000269851
95  0.000306183
100  0.000340753
