6  0.1
6  0.00011008
7  0.000100884
8  9.0987e-05
9  8.08521e-05
10  7.43077e-05
11  7.34579e-05
12  7.20606e-05
13  7.01251e-05
14  6.96858e-05
15  6.85916e-05
16  6.65737e-05
17  6.66278e-05
18  6.9284e-05
19  6.85138e-05
20  6.80767e-05
21  6.72841e-05
22  6.72041e-05
23  6.71895e-05
24  6.77973e-05
25  6.70139e-05
26  6.72496e-05
27  6.722e-05
28  6.61343e-05
29  6.57267e-05
30  6.77207e-05
31  6.80176e-05
32  7.03264e-05
33  7.17415e-05
34  7.40208e-05
35  7.58612e-05
36  7.81379e-05
37  8.03858e-05
38  8.20857e-05
39  8.40813e-05
40  8.64016e-05
41  8.828e-05
42  9.09194e-05
43  9.30033e-05
44  9.59616e-05
45  9.7808e-05
46  0.000100641
47  0.000102365
48  0.000105353
49  0.000108043
50  0.000110636
51  0.000113961
52  0.000117159
53  0.000119142
54  0.00012209
55  0.000125061
56  0.000127791
57  0.000131789
58  0.000134522
59  0.000137347
60  0.000141843
65  0.000159575
70  0.000169995
75  0.000191698
80  0.000215474
85  0.000242491
90  0.000269971
95  0.000306339
100  0.000340932
