0.03271084106522388   0.002596766795774093
0.035516384288837195   0.0021286108884663573
0.0418699861734995   0.0009056838603667232
0.0418699861734995   0.0007499109135418945
0.0401822544740958   0.0006461401869312707
0.044841866398841995   0.0002686445874731074
0.050041815932152   0.00019545836751059308
0.057397739250107424   0.00014845885338179307
0.06405369207713678   0.00010945468138232055
0.07346929857291577   0.00008313543544974161
0.08087217097091416   0.0000631489077570009
0.08780841485391117   0.000051507698893764286
0.09533956646136774   0.00004159722917804098
0.10351664983548746   0.000033427171727936894
0.11239506524822539   0.000026861784590182424
0.12203496454173435   0.000021478950965799386
0.13250165866101046   0.00001700502288709328
0.14190646375380409   0.000012373176997231308
0.15620516353760555   0.00000909244589462378
0.15620516353760555   0.00000764160959788838
0.15848931924611143   0.000006744376630763988
0.0022638034095214536   0.000006692453591956698
0.0020707564952153756   0.0028917429299459133
0.03185853539306616   0.0029632731179977706
