0.041442300418350835   0.0012950584876216457
0.06063445485736776   0.0012942910375476511
0.07761230539604567   0.001293793450705083
0.09934401097624662   0.0012932960551584897
0.12716066693918132   0.0012927988508343268
0.1627660797819372   0.0012923018376590806
0.2083411275300323   0.001291805015559266
0.26667734136398447   0.0012913083844614214
0.3413478905489346   0.0012908119442921182
0.4369264437175157   0.0012903156949779558
0.5592673120452973   0.001289819636445559
0.7158640334540894   0.0012893237686215809
0.9163083615937335   0.0012888280914327055
1.1728777732768156   0.001288332604805645
1.5012874799637639   0.0012878373086671357
1.921653004983674   0.001287342202943946
2.459722285602427   0.0012868472875628729
3.148452767798538   0.0012863525624507378
4.03003009286086   0.0012858580275343918
5.158452022998029   0.0012853636827407156
6.602835874776985   0.0012848695279966183
8.451652045007016   0.0012843755632290334
10.818142938057486   0.0012838817883649258
13.847259210982568   0.0012833882033312894
16.326880941375315   0.0028109907151638493
0.030020599095520163   0.0028591408740932297
