19.783122735372928   0.0005536768714761791
20.137093298103267   0.000520615914245197
20.491394809569186   0.0004953731594952312
20.845557813798408   0.0004690190521194412
21.37749485632571   0.00044295805216587624
22.08718285261166   0.00041695512558252994
22.974829563511292   0.0003940997525635364
23.50697436689363   0.00037498492382147394
24.57338775128767   0.0003663560726192689
25.713173035866944   0.0003877840477926344
26.52975630052623   0.00036750237494787377
26.528371228159287   0.00034969542967060017
27.178893549837014   0.00033053438943759925
28.126375386988897   0.00031868315742023754
29.192604095067324   0.000309294838707563
30.61447321789973   0.00029967633851258154
31.681579138477233   0.00030014225280080095
32.57116495069059   0.0003041180900392746
32.98936446735182   0.0003414722921045524
32.92823660689041   0.00031959330569812514
33.64334946994691   0.0003654329034871328
34.62245712614417   0.0003783259709321178
35.24407760443151   0.0003671962052953056
35.420535823981   0.00034939815207548963
36.13052391927978   0.0003324458086098734
36.12858481796606   0.00031011486969912614
36.54743070173187   0.000356370623199222
37.378474121902116   0.0003707862140259684
37.96869962653858   0.0003379361045104294
38.08624610141378   0.0003258453492964895
38.61811389032273   0.0003069765021847242
39.149815470547665   0.00028748177420917146
39.14831959239136   0.0002724673747602459
40.102080424273424   0.00032903480951353804
39.86301693373777   0.0003069399541355651
40.93321618260147   0.0003434800682621105
41.10916654228308   0.0003209333790985503
41.76629104224324   0.00038437887078674924
41.644219997636014   0.00033893774888305657
42.183428670089825   0.0004154660811301332
42.7899518595774   0.0004440322531252978
43.54601669561674   0.00040254813306468505
43.07056752112156   0.00038560561368735014
43.42930126416172   0.0004301134264496916
43.60271232450391   0.0003669027720345292
43.7791705440534   0.00034911894156733483
43.77778547168644   0.0003322027464308245
44.130701910785405   0.00030077937818420535
44.30660610138813   0.0002805707538126079
45.197576985968425   0.00029876361728281494
46.26435972299363   0.00029578037006605315
46.61884591077515   0.0002833090227461257
47.15486891678496   0.0003097880018665641
47.51235609469488   0.0003304388264617055
48.22511433472755   0.0003472415743312215
48.8317483300045   0.0003725943590892378
49.82815092315708   0.00037902911830555575
49.826673512632325   0.00035947142117469233
50.967585322736724   0.0003961819370868708
50.53915473819163   0.0003740166839072041
51.076562816568384   0.00042979895622939255
51.60843060547735   0.0004049104291677111
51.60676851863701   0.00038148259702316646
51.723114597460835   0.0003523363864888103
52.13614317728546   0.0003286563202141229
52.134758104918504   0.0003127316201086798
52.66517156784218   0.00027965120680812375
53.26026791030243   0.00030351691118179396
54.09442774329831   0.0003531323557470619
53.73700981900676   0.0003318864667396347
53.735624746639814   0.0003158052532445148
55.163172666176706   0.00037509124284978274
56.051465744180916   0.0003628439286311035
56.58176378440733   0.00032312253511725873
56.816210367053145   0.00029353170938326055
57.56022507350001   0.0003268584101180664
58.71763771240268   0.00034403359067168674
59.0718468857108   0.00032627054433751135
59.78580552179484   0.0003579420168246491
60.14287717799466   0.0003761560924918019
60.94097896037094   0.0003476818757325101
61.91937099584527   0.00035082938222134673
62.629728443775235   0.00033825814935855637
63.413236180311756   0.00035054704046320775
64.23475030259739   0.0003964664158687951
64.05469089489384   0.0003661857854518515
64.77042704051546   0.00042817178332027554
64.95027868736399   0.0004601372975506951
65.59969295114813   0.0004179823825911584
66.01318322176174   0.00039639898537321614
66.54495867251289   0.00037221007780293726
66.72137072298348   0.0003535831337347251
67.6121107621693   0.0003734064524948437
68.67990921893028   0.0003833907224305423
69.21491650520433   0.00040422916518162915
69.56866398772347   0.00037706359119240527
69.56714040811983   0.0003570157588032146
70.09845416808201   0.00032972578845373135
70.63059897146435   0.0003137332588032116
71.33961751610627   0.00028831131250017344
72.58821408583317   0.0003291019762576136
73.12469878263197   0.0003658682661117312
74.01225315537381   0.0003446700717542202
74.89842245574867   0.00030896708342752704
75.79124010348492   0.00035152626641234266
76.94812179798028   0.0003630198655053398
76.85580672472302   0.000321430519795624
77.4547120161924   0.0003999183567092108
78.02051407809161   0.0004394721059090849
77.93311601173706   0.00046415413241796265
78.75954252401748   0.00040924488295272224
79.35046056483743   0.000382366089665037
82.38030636754148   0.0004827626915983835
82.37864428070115   0.00045483038240184574
82.43589393853507   0.0004228737443275537
82.1977538295774   0.0004077579419482832
82.91577534460448   0.0005174993515777023
83.98539747998198   0.0005672445682576837
83.9836661395233   0.0005330986759108275
84.51525691395885   0.000497264174540727
84.5725989099506   0.00046385948137239264
85.04546261602745   0.0004413636328356562
85.22192083557697   0.0004199706736677281
85.75254205935566   0.00037835492983947903
86.28427134102795   0.0003546794155375031
87.17237974271656   0.00034083398627338487
88.06353530361243   0.0003653458931487901
88.59928129514886   0.00039554361511930244
89.30834600886969   0.00036409482610724536
90.37429770247472   0.00034987590133236257
90.90653484401487   0.00033401016837514026
91.32362630278253   0.00036042652847827797
91.98051995734822   0.00042812080598724167
91.9788578705079   0.0004033500377932178
91.79935249175112   0.0003800189526021535
92.87347611232117   0.000489518288745382
93.58600350695939   0.000510169551682089
94.53062286121956   0.00044389330545722375
95.00145512782488   0.00039269233000355317
95.35575663929082   0.0003736521203072284
95.89154879990615   0.00040520668924469883
97.49352349952098   0.00042577515563647884
98.02899247658401   0.0004564113399696499
98.56441528456817   0.0004884425949443047
98.85280581899879   0.0005605612173805838
100.1486811460776   0.0005538502559757738
99.82429618488784   0.0004916287044223429
99.8165519338328   0.0028152336272863443
59.74786559588617   0.002795798527274552
20.12856434151533   0.002766438396451098
19.762995127077403   0.0005607764549944376
