5.652906781574281   0.000030810110917060596
6.540530407934455   0.000029097160110657415
8.850277087060974   0.000026868428278881175
10.108849807209069   0.000025804368688451312
12.760197871725325   0.000024439728619442312
14.538353776416272   0.000024194044209863674
16.849762542383132   0.000023712883123740063
18.35151421580545   0.000023709477468436973
21.29586788263134   0.00002372239485789382
22.620030236273266   0.000023936394402884534
25.56537658049757   0.00002481730258814954
27.21595457516328   0.00002532522706240449
29.835277673332328   0.000026330646289332005
30.90298379193551   0.00002694531637120629
33.74967685864979   0.000028122845574755095
35.17325423740145   0.000028969585538192155
37.664722411071864   0.00003074136132625259
38.92533433587478   0.00003176371462184726
41.57986030165172   0.00003371513801969112
43.00366852579785   0.00003501893982253639
45.49490585407379   0.00003685435164349754
47.2742621548161   0.000038088602109363086
49.765545652170914   0.000040151319462164576
50.8331594326163   0.00004095279777982739
53.68049886643519   0.000043744720121233084
54.74829732319617   0.000044914381467559205
57.59582143333063   0.00004829514945982234
59.11815978930831   0.000049611647184953405
61.5107746475949   0.000052617394014257976
63.16162965673401   0.00005423031731743592
65.42563552370136   0.0000571369616769913
66.75029029124875   0.00005867942778823659
69.34068107612343   0.00006245697930274016
70.40820251841102   0.00006349312727384517
71.11994503870794   0.00006433528388489832
73.2556342903877   0.00006804665739044006
74.32306339451746   0.0000689468653429508
75.03499059113001   0.00007032553667712986
77.52618175032704   0.00007388900698913103
78.5938878689302   0.00007561389294432385
81.44104262643351   0.00008023569847539262
82.50884108319447   0.00008238106813010859
85.35590350253996   0.0000871275386172275
86.42342494482754   0.00008857296590771533
87.13518282668274   0.00008979722617595196
89.6263586243215   0.0000942953910351765
90.69397240476688   0.0000961776632091071
93.54112716227017   0.00010205640372194392
94.60864860455776   0.0001037494977017568
97.45580336206102   0.00011009105721750137
98.52332480434863   0.00011191744438585608
99.23497498648776   0.0001130270193937494
