5.315156884893419   0.00005861949109720403
6.144445880065533   0.000057271885416560634
6.9140844253009845   0.000055219354804985875
7.9807286550895   0.000054397125072579166
9.047234377641331   0.00005332164605485499
9.936035315513408   0.00005252856713850594
11.002818052538615   0.0000520040531326118
12.425702895106795   0.00005225587404821933
13.492993491999897   0.00005268485950383947
14.560053243498501   0.00005267948297725897
15.627944038417269   0.00005426743538368864
16.695096128073672   0.000054441864261786096
17.762109710493377   0.000054346259681202964
17.76307926115024   0.00005626894793555649
19.1862872872707   0.000057200491869813476
20.253901067716086   0.00005834229628888142
21.322068877108237   0.00006070093085693
22.30029932080643   0.00006089655647327159
23.457296437999005   0.00006314847417650622
24.525094894760002   0.00006483695976103008
25.59307802783657   0.00006701290564831001
26.660645639203068   0.00006823751422424972
27.728490265042936   0.00007017816129278528
28.7966580744351   0.00007301529057421889
29.864179516722686   0.00007422659867833659
30.93243966427265   0.00007748353134325516
32.000053444718034   0.00007903021452028231
33.0682212541102   0.00008222521039368534
34.13601971087118   0.00008442377630117058
35.20381816763215   0.00008668112821876649
36.27161662439313   0.00008899883798699539
37.3395997574697   0.0000919856630356136
38.40739821423068   0.00009444520727708454
39.47533517822835   0.00009745333915050236
40.54317980406823   0.00010022487236198351
41.52177960039759   0.00010188844814979295
42.67877671759018   0.00010565622113124765
43.746575174351165   0.00010848129344885793
44.81474298374333   0.00011286692351470549
45.882125918794216   0.00011417089623055834
46.9499705446341   0.00011741786994583435
48.017953677710665   0.00012135844538526716
48.90781650439742   0.00012419358381638037
50.15336591491703   0.00012709063235051256
51.2213490479936   0.00013135582830964076
52.28896282843898   0.00013397788032932652
53.356945961515564   0.0001384742141914257
54.42455974196095   0.0001412383594727386
55.49235819872192   0.00014501483922243032
56.5601566554829   0.00014889229578432162
57.627770435928284   0.00015186440101863712
58.69593824532046   0.0001580039026955161
59.76336734945025   0.00016009417979638967
60.83098112989563   0.00016328989081185793
61.898779586656616   0.00016765599197787566
62.966393367102   0.00017100264768425016
64.03400714754738   0.00017441610747131916
65.10217495693955   0.00018146731879610807
66.16960406106934   0.0001838679998841406
67.23740251783032   0.00018878432559601478
68.3050162982757   0.0001925527333521382
69.37272241687889   0.00019704773902249405
70.44042853548206   0.00020164767738128667
71.50822699224304   0.00020703940221472199
72.57584077268841   0.00021117220766170953
73.64345455313382   0.00021538750987346714
74.71125300989478   0.00022114661506564178
75.77886679034016   0.00022556102085289536
76.84648057078557   0.00023006354455436026
77.91418668938873   0.00023543421325020677
78.98207748430754   0.00024253106204896814
80.0495989265951   0.00024655460066190515
81.11730504519831   0.00025231024125310284
82.18491882564366   0.0002573467180214241
83.25253260608908   0.0002624837301390512
84.32051573916563   0.0002712927550405743
85.38794484329541   0.00027488176153864165
86.4555586237408   0.00028036879844665154
87.52317240418618   0.0002859653645349943
88.59078618463157   0.00029167364616427714
89.65849230323475   0.00029848255856233753
90.72619842183794   0.00030545042014437163
91.79381220228332   0.0003115476516213447
92.8614259827287   0.0003177665926434093
93.92931677764749   0.0003273452406663765
94.99674588177727   0.0003316757809186857
96.06435966222266   0.0003382965084678941
97.13206578082581   0.0003461937981991376
98.19949488495563   0.00035077369120491137
99.44550598626422   0.00036494839535633467
