11.455736716531419   0.0016992215772952141
12.429373336879209   0.001445793460562096
13.938802117842329   0.0013340486049730972
16.250303221966988   0.001311854159936428
18.740663337743854   0.0013378586024962293
21.230884946284007   0.001357618836018279
23.72145282291592   0.0013948838391860782
26.034454422104773   0.0014475036123846733
28.240708493972747   0.0014998871907634225
30.83788539068884   0.0015356931185469957
33.313750914054935   0.0015829956615705072
35.735001134898425   0.001622609317793097
38.335119478220975   0.0016730899569707667
40.92433190858941   0.0017071177994754743
43.11239670660346   0.0017280774233668147
45.60275682238033   0.0017623325192968433
47.91541215347745   0.0018062460910310786
50.4057722692543   0.0018420506980960586
52.89606313141282   0.0018739056817517555
55.38635399357132   0.0019063115405732408
57.876714109348185   0.001944099711295149
60.36707422512504   0.0019826369441803583
62.85736508728354   0.002016923116389041
65.34751744220536   0.0020416367438754455
67.83773905074553   0.002071791813141287
70.3279606592857   0.002102392274176823
72.81832077506253   0.002144067287148273
75.308403876366   0.002164955782549361
77.79862548490617   0.0021969322797279617
80.28870858620967   0.0022183358103431954
82.77899944836817   0.002256697974345722
85.09135468045243   0.0022881735561318824
87.75923490459344   0.0023066047856338157
90.07179789753276   0.002356265589761966
92.56178866067843   0.002371356495257156
95.05205643829747   0.0024103687818166886
97.54213953960094   0.0024338517095753927
