10.305847254963652   0.00008721855360507678
11.017312620133126   0.00008750143078885094
13.151432131982688   0.00008748360030672523
14.21876847156635   0.00008834657628384008
15.286012616597034   0.00008892359734446374
16.353348956180696   0.00008980077807362746
17.42040871210547   0.00008979162809326515
18.48783724624208   0.00009097764670364786
19.554989196719816   0.0000912696157162562
22.045256266642426   0.00009276878028961351
23.112776995332   0.00009430538137886592
24.179836751256772   0.00009429577241548977
27.737716744421917   0.00009775483626195771
28.805329667664424   0.00009970309920010363
29.872666007248085   0.00010068661358625071
30.940186735937644   0.00010235436387494437
32.007523075521306   0.00010336403147969837
33.0749516096579   0.00010472932207061831
34.142472338347474   0.00010646403486804846
35.210085261589995   0.00010858587294082752
36.27760599027957   0.00011038446477438839
37.345034524416164   0.00011184248521905153
38.4126474476587   0.00011407151630533456
39.48016817634826   0.00011596097109454533
40.54778109959079   0.0001182720839856715
41.6153940228333   0.00012062925757071118
42.683006946075835   0.00012303340984355922
43.750712063871305   0.00012590101828760294
44.8184171816668   0.0001288354636842987
45.88603010490931   0.00013140316640483058
46.953827417257756   0.00013491113286914384
48.02162472960619   0.00013851274874124116
49.089422041954634   0.00014221051410533562
50.157219354303066   0.0001460069957884128
51.22501666665151   0.00014990482914200884
52.29281397899993   0.00015390671987155707
53.3607956804543   0.00015906370500007322
54.428961771014556   0.0001654840567085103
55.496759083363   0.0001699018537616156
56.564832979370294   0.0001761762678410674
57.632906875377614   0.00018268239376573344
58.70107296593787   0.00019005607602036632
59.76923905649815   0.00019772738515009926
60.837405147058405   0.0002057083343870897
61.905663432171636   0.00021472011392205284
62.9740139118378   0.00022486887470447235
64.042364391504   0.00023549731735524336
65.11080706572312   0.0002474448152801892
66.17897315628339   0.0002574325289608641
68.31724142301603   0.0002986653628662336
69.3855919026822   0.0003127818015470752
70.45421896600726   0.0003308304106009175
70.8116572478217   0.0003522657553842941
70.86329900695848   0.00035571711008191095
70.92062059103148   0.002778387979259458
10.176318795887227   0.0028348686090545225
9.950627541523204   0.00008664984702211509
