0.0005972664041156696    0.01
0.0005972664041156696    2.2530570346942933
0.0007255542485494642    1.5993498379900837
0.000865005713516806    1.0999595644524163
0.0010755234018907738    0.7766640343206669
0.0011992792199369137    0.5443103519706294
0.0014480069373279862    0.40576468488694867
0.0017463107632122883    0.27924291738802837
0.0016785517044880373    0.38215688574087076
0.0021861128460235976    0.18372822211651055
0.002050329134094927    0.26400704449345247
0.00258997270939997    0.12077287318094776
0.003203705427674715    0.08343224392898382
0.003751121236537185    0.059833051968456216
0.004558950590666028    0.03947464620045607
0.005668468972754149    0.028457431267136284
0.006569938485399052    0.019164183887165013
0.007995742358087076    0.013591147506990957
0.009679544320420994    0.0093119738485062
0.01164286907308739    0.00650391448607873
0.013141613986851293    0.0053044349920141525
0.016272619373009924    0.0036651441875924272
0.01649957845772861    0.004516612736388444
0.02116054958940096    0.002755791786353221
0.037733306541548536    0.0005579875380665165
0.04345824838920574    0.0003631954281148034
0.04591375195139185    0.000599236114859256
0.0527347157470435    0.0002505712489605549
0.05964398835693684    0.0002005126500949493
0.06745850995360411    0.00015669864424479955
0.07990208032696498    0.00011015536543535905
0.09759935468841335    0.00007544340296111618
0.10704083708101388    0.00023881566242362664
0.13483600391184916    0.00015045568359844792
0.16218510788488028    0.0001039426515401907
0.2011794386095405    0.000068428842474513
0.2419851375634001    0.000049862070718232815
0.27793453817333436    0.00003824332238056276
0.32417543548248706    0.000028394632750860364
0.3839736706868464    0.000019772511724255895
0.3839736706868464    0.01
