19.781557310611745   0.0005237532479223366
20.075704031821175   0.0004829897476836839
20.666486727169897   0.00044908261602231574
21.375647228515433   0.000414799386600179
22.203738703175574   0.0003882291634307939
22.97277956666673   0.00036637860648009287
23.8606592089195   0.0003492001884003138
24.927442381185415   0.0003457187120865597
25.711483298442673   0.00036519458047884766
26.52812420962553   0.00034681053610409056
26.526464707672304   0.00032677461058797195
27.176805084231276   0.00030686086749845545
28.124380699523726   0.0002968550265356364
29.190702899024856   0.0002890772679971187
30.257117293078934   0.0002824354800976955
31.323808270791886   0.000278696742987865
32.391236804928496   0.0002823779272013123
33.10556020123964   0.00031386731474335763
32.74821411397815   0.0002957446288093216
33.46345945581888   0.00033977387003267934
34.620339754962046   0.00035086565326158514
35.35971702103927   0.0003308453934680708
36.03942136271506   0.00030761657754575355
35.94911679809363   0.0002927364327207201
36.54543116661978   0.0003319033976087207
37.376657256080435   0.0003475987051344323
37.907882270218906   0.00032000857112983466
38.08475752006699   0.00030908546449971616
38.61648960424672   0.0002897735979806391
39.14813871332878   0.0002708612297278796
39.32454377095678   0.0002572416916099342
40.04048057194467   0.00030295825563303355
39.86083948550788   0.0002840485163956538
40.57553166003086   0.00031992706158036783
41.28559105826773   0.00030518392887115696
41.524951166382465   0.00033065066911110695
41.8830348100676   0.000360317075472714
42.35986503796141   0.0003952454852527001
42.80576399333813   0.00041395139453415683
43.42544968103887   0.00037484372099758697
43.60108030442203   0.0003462455724939051
43.77726409512293   0.00032623674555324776
43.953171302164975   0.00030435062216550515
43.8919541190015   0.00028393919440411713
44.483382176220914   0.00027018679086732286
45.55154826678117   0.00028109244797081706
46.61819314721765   0.0002769133732378889
47.332124716678734   0.00030349897298150003
48.330273653995775   0.0003286925988583357
49.114706398103095   0.0003521222050848234
49.91368744266704   0.0003358925780051235
50.30067407870422   0.0003564744472976489
51.07464735077858   0.0004014989350873932
51.16163291149354   0.00037456690573798093
51.427014932180384   0.00035643610763092903
51.72093116700741   0.0003259893666568778
52.07440508304471   0.0003011133752079526
52.665003389287506   0.0002781293530637811
52.6635282764402   0.00026379976330659675
53.61543703572164   0.000298097817144663
53.376653143562905   0.00028088248121386627
53.97342848485383   0.0003237713807577967
54.80520774163223   0.00034587531538380294
55.695115664050064   0.0003545283864765558
56.108101164021136   0.00033019052715569654
56.579860691502304   0.0003019805528198995
56.9341643585162   0.0002873608351192249
56.75470766118532   0.0002712119765904836
57.6477501984037   0.00031106898418116583
58.71540921892269   0.00031779349617177524
59.06915971861886   0.000296468766987964
59.78389799041831   0.0003344685499207238
59.42636751405091   0.0003130794111732997
60.14069091036207   0.0003479924761128372
60.9209149731269   0.00032057536427819645
61.917279945844214   0.0003256721104341546
62.9835790967071   0.0003168773218979545
63.76773525715555   0.0003361145531816703
63.69460653775003   0.0003129518295320385
64.29184285180574   0.00036675005007809363
64.83966288547647   0.00040017694380488193
64.94863684707168   0.00043407796441442706
65.48023063942199   0.00040494338279753803
65.65655272195232   0.00038343929602110114
66.18828480613206   0.0003594817523853496
66.89772189113647   0.0003353482476145776
67.9659801762497   0.00035003936104925236
69.12228425943688   0.00035407409927012805
69.21300369954662   0.0003776488035139035
69.74459749189691   0.0003523016521022005
69.74321457360256   0.00033525713721333867
69.91870690515628   0.0003081472922009203
71.16070582531705   0.0002776385495870277
72.22887191587732   0.00028884498499709345
73.30008042668516   0.000335143284020873
74.36409776236235   0.0003004731312987559
74.83760898634972   0.00029261714095891566
75.43171068560488   0.00030646158862734604
76.85507934007038   0.00031333473051134463
77.3933802861483   0.00037178155782978763
78.00117287651759   0.00041584893104126304
78.6390439397891   0.00038201583919955694
80.05895529851873   0.0003450422189196846
81.12647602720827   0.00035075742017354243
82.01619956052019   0.00035716324503595905
82.43812793212808   0.0004584064044539875
82.37672635985871   0.00042484476922271614
82.37520514973491   0.0004022906725198764
83.26999938345946   0.0004913235304892117
84.0540956174485   0.0005200324773580756
84.51361170829699   0.0004690455973639659
84.60059726901196   0.00043758262526001976
84.86625587335766   0.0004205519858750254
85.57403345640884   0.000369653567708457
85.75049383076862   0.00035176358521084446
86.45974652666715   0.0003259856758556611
87.34817933623765   0.0003169257589604742
88.06107371697797   0.0003346712063033442
88.77493614052435   0.0003658935994513996
88.95111993122524   0.00034474935302137194
90.01716554706746   0.0003324035588601608
91.01227667386459   0.0003228416278642395
91.61959907201378   0.00035507068248111397
91.97888124488739   0.0004039199904863386
91.97722174293415   0.00038058473967542676
92.33622733214887   0.0004286714632672097
93.22931596664372   0.0004924819398308323
94.20399678050552   0.00043501889836763545
94.4691022175335   0.00040987656114621813
94.76306454963702   0.0003754851050491927
95.44309157224816   0.00035318526429504283
96.06807844674393   0.00038677697720577504
97.13495381356282   0.0003841888959927478
97.66986660981956   0.0004037005391344438
98.08686257284424   0.0004341394011546188
98.74550045916934   0.0005489620101152129
98.91995560200229   0.000486149819502769
98.56240207699665   0.00045468476823592476
99.6316745021924   0.0004921809367126105
99.63001500023918   0.0004637466777676407
99.62835549828594   0.0004369551217829883
99.94491535579326   0.0028106710981249377
20.064991092185892   0.0028321928972710572
20.01825502712289   0.0005300129846378281
