5.31526390884612   0.000058878670100831934
6.14455391269469   0.00005752718686815536
6.91419404078006   0.00005546865494302107
7.980838921216531   0.000054643987983751
9.047345509823572   0.00005356529175674574
9.936147097605925   0.000052769818769422944
11.734387358094125   0.00005210195391114569
14.56016490116626   0.00005292119160893205
16.695206358545406   0.00005468886028350525
19.18639537399757   0.00005745558652685895
20.25400829724009   0.00005860068168634293
23.4574002342854   0.00006342033679662992
24.525197546633848   0.00006511341939672966
25.593179248088205   0.00006729518856038932
26.660746074054245   0.00006852302575300872
27.72858948367916   0.00007046871929278594
29.864276302929   0.00007452741749963892
32.00014751128474   0.00007934276285024258
33.068313601845006   0.00008254530640357827
34.13611091419344   0.0000847489531997149
35.20390822654187   0.00008701142901246935
36.271705538890316   0.00008933430435359579
37.33968724034466   0.00009232764785024299
38.407484552693106   0.00009479244608341304
39.47542015687097   0.0000978068683609245
40.543263566495895   0.00010058406901463815
41.52186264885839   0.0001022509890318942
46.41587220075343   0.00011512049374753333
48.37408450556096   0.00012337376519515865
50.50949474115191   0.00012919186963611712
52.64490497674288   0.00013528434634116528
54.42462862702557   0.00014166894606356786
56.56022325172245   0.00014933395950356682
57.62783617496498   0.00015231019914380042
59.76352299421481   0.0001610826181455127
60.83104372290437   0.00016375075419008823
61.898841035252815   0.0001681222786359688
62.966453958495336   0.0001714729712161841
64.03406688173786   0.00017489044340977518
66.16966150643474   0.00018435290950775664
67.23745881878317   0.0001892744334089342
68.30507174202569   0.00019304669039232317
69.37277685982117   0.00019754613749508665
70.44048197761666   0.0002021504557261217
71.50827928996509   0.00020754710665040876
72.5758922132076   0.00021168353970342808
73.64350513645013   0.0002159024122501997
74.71130244879856   0.0002216661882874124
75.7789153720411   0.00022608401594478947
76.8465282952836   0.00023058989131643964
77.9142334130791   0.00023596437878525774
78.9821229199805   0.00024306598198542314
80.04964364867007   0.00024709207192120757
81.11734876646554   0.0002528511849361071
82.18496168970805   0.0002578905324642151
83.25257461295058   0.00026303031465516876
84.32055631440494   0.00027184372723492876
85.38798484854155   0.0002754343929402167
86.45559777178406   0.0002809238258949009
87.52321069502659   0.00028652266375665705
88.59082361826913   0.000292233086975413
89.6585287360646   0.00029904432685655755
90.72604946475417   0.00030399762943257504
91.7938467771026   0.0003121132138469929
92.86145970034514   0.000318333659098563
93.92934920724653   0.00032791425488091304
94.99677774138311   0.0003322455318290778
96.06429847007269   0.00033774877165301424
97.13209578242115   0.0003467653836322995
98.19952431655776   0.00035134565695129163

